Recursion step 0:
Costs:
0.000000e+00; 1.495000e+03; 3.810000e+02; 2.012000e+03; 1.157000e+03; 9.900000e+02; 7.640000e+02; 1.780000e+02; 1.470000e+02; 1.788000e+03; 5.420000e+02; 5.080000e+02; 7.490000e+02; 6.960000e+02; 4.080000e+02; 3.180000e+02; 1.213000e+03; 7.140000e+02; 1.082000e+03; 7.170000e+02; 9.350000e+02; 2.280000e+02; 5.380000e+02; 1.670000e+03; 8.160000e+02; 1.922000e+03; 1.096000e+03; 8.400000e+02; 1.147000e+03; 9.860000e+02; 4.980000e+02; 1.250000e+03; 5.530000e+02; 6.780000e+02; 2.136000e+03; 7.540000e+02; 1.046000e+03; 3.260000e+02; 1.117000e+03; 2.610000e+02; 6.920000e+02; 1.525000e+03; 1.104000e+03; 6.160000e+02; 2.162000e+03; 4.880000e+02; 7.530000e+02; 1.184000e+03; 
1.495000e+03; 0.000000e+00; 1.135000e+03; 6.370000e+02; 5.830000e+02; 2.207000e+03; 2.056000e+03; 1.641000e+03; 1.590000e+03; 7.360000e+02; 1.312000e+03; 1.494000e+03; 1.150000e+03; 9.880000e+02; 1.552000e+03; 1.243000e+03; 2.360000e+03; 2.004000e+03; 2.291000e+03; 1.615000e+03; 1.279000e+03; 1.272000e+03; 1.163000e+03; 9.060000e+02; 9.830000e+02; 5.850000e+02; 2.269000e+03; 2.097000e+03; 3.810000e+02; 2.155000e+03; 1.898000e+03; 1.091000e+03; 1.661000e+03; 8.400000e+02; 9.880000e+02; 1.984000e+03; 2.272000e+03; 1.778000e+03; 9.760000e+02; 1.443000e+03; 8.720000e+02; 5.040000e+02; 2.223000e+03; 1.957000e+03; 1.098000e+03; 1.727000e+03; 1.388000e+03; 6.610000e+02; 
3.810000e+02; 1.135000e+03; 0.000000e+00; 1.633000e+03; 7.780000e+02; 1.163000e+03; 9.710000e+02; 5.510000e+02; 4.570000e+02; 1.412000e+03; 3.750000e+02; 4.810000e+02; 4.740000e+02; 3.490000e+02; 4.750000e+02; 3.010000e+02; 1.359000e+03; 9.180000e+02; 1.255000e+03; 6.860000e+02; 6.990000e+02; 2.070000e+02; 2.620000e+02; 1.308000e+03; 4.800000e+02; 1.541000e+03; 1.251000e+03; 1.029000e+03; 7.740000e+02; 1.133000e+03; 7.720000e+02; 9.360000e+02; 6.220000e+02; 3.010000e+02; 1.760000e+03; 9.220000e+02; 1.227000e+03; 6.440000e+02; 7.850000e+02; 3.250000e+02; 4.420000e+02; 1.144000e+03; 1.231000e+03; 8.500000e+02; 1.790000e+03; 6.400000e+02; 5.910000e+02; 8.100000e+02; 
2.012000e+03; 6.370000e+02; 1.633000e+03; 0.000000e+00; 8.860000e+02; 2.550000e+03; 2.444000e+03; 2.175000e+03; 2.081000e+03; 4.440000e+02; 1.697000e+03; 1.881000e+03; 1.480000e+03; 1.385000e+03; 1.969000e+03; 1.806000e+03; 2.662000e+03; 2.397000e+03; 2.624000e+03; 1.941000e+03; 1.519000e+03; 1.805000e+03; 1.576000e+03; 7.350000e+02; 1.321000e+03; 1.020000e+02; 2.589000e+03; 2.467000e+03; 8.790000e+02; 2.485000e+03; 2.343000e+03; 1.190000e+03; 2.044000e+03; 1.336000e+03; 4.510000e+02; 2.357000e+03; 2.613000e+03; 2.255000e+03; 1.161000e+03; 1.901000e+03; 1.467000e+03; 5.320000e+02; 2.526000e+03; 2.373000e+03; 5.940000e+02; 2.138000e+03; 1.695000e+03; 9.000000e+02; 
1.157000e+03; 5.830000e+02; 7.780000e+02; 8.860000e+02; 0.000000e+00; 1.686000e+03; 1.565000e+03; 1.329000e+03; 1.210000e+03; 6.360000e+02; 8.140000e+02; 9.990000e+02; 6.090000e+02; 5.000000e+02; 1.084000e+03; 1.006000e+03; 1.818000e+03; 1.516000e+03; 1.764000e+03; 1.078000e+03; 7.030000e+02; 9.700000e+02; 6.910000e+02; 5.880000e+02; 4.430000e+02; 7.880000e+02; 1.735000e+03; 1.592000e+03; 2.830000e+02; 1.626000e+03; 1.458000e+03; 5.280000e+02; 1.163000e+03; 5.030000e+02; 9.850000e+02; 1.481000e+03; 1.750000e+03; 1.377000e+03; 3.960000e+02; 1.021000e+03; 7.680000e+02; 3.700000e+02; 1.680000e+03; 1.489000e+03; 1.025000e+03; 1.253000e+03; 8.390000e+02; 9.700000e+01; 
9.900000e+02; 2.207000e+03; 1.163000e+03; 2.550000e+03; 1.686000e+03; 0.000000e+00; 2.350000e+02; 1.015000e+03; 8.450000e+02; 2.191000e+03; 8.950000e+02; 7.170000e+02; 1.078000e+03; 1.219000e+03; 6.890000e+02; 1.289000e+03; 2.300000e+02; 2.790000e+02; 9.300000e+01; 6.110000e+02; 1.047000e+03; 1.162000e+03; 1.049000e+03; 1.961000e+03; 1.244000e+03; 2.450000e+03; 1.160000e+02; 1.530000e+02; 1.826000e+03; 8.300000e+01; 5.250000e+02; 1.428000e+03; 5.530000e+02; 1.401000e+03; 2.502000e+03; 2.440000e+02; 6.600000e+01; 7.040000e+02; 1.403000e+03; 8.480000e+02; 1.598000e+03; 2.019000e+03; 1.740000e+02; 3.870000e+02; 2.468000e+03; 5.280000e+02; 8.560000e+02; 1.654000e+03; 
7.640000e+02; 2.056000e+03; 9.710000e+02; 2.444000e+03; 1.565000e+03; 2.350000e+02; 0.000000e+00; 7.810000e+02; 6.180000e+02; 2.111000e+03; 7.530000e+02; 5.680000e+02; 9.650000e+02; 1.077000e+03; 5.070000e+02; 1.070000e+03; 4.650000e+02; 5.400000e+01; 3.230000e+02; 5.320000e+02; 9.840000e+02; 9.470000e+02; 8.940000e+02; 1.901000e+03; 1.123000e+03; 2.344000e+03; 3.490000e+02; 8.500000e+01; 1.676000e+03; 2.600000e+02; 2.900000e+02; 1.375000e+03; 4.020000e+02; 1.231000e+03; 2.435000e+03; 1.050000e+02; 2.850000e+02; 4.690000e+02; 1.324000e+03; 6.480000e+02; 1.396000e+03; 1.914000e+03; 3.860000e+02; 1.530000e+02; 2.415000e+03; 3.340000e+02; 7.690000e+02; 1.545000e+03; 
1.780000e+02; 1.641000e+03; 5.510000e+02; 2.175000e+03; 1.329000e+03; 1.015000e+03; 7.810000e+02; 0.000000e+00; 2.280000e+02; 1.962000e+03; 7.090000e+02; 6.490000e+02; 9.240000e+02; 8.740000e+02; 5.340000e+02; 4.130000e+02; 1.244000e+03; 7.370000e+02; 1.103000e+03; 8.440000e+02; 1.103000e+03; 3.720000e+02; 7.150000e+02; 1.847000e+03; 9.940000e+02; 2.086000e+03; 1.127000e+03; 8.630000e+02; 1.303000e+03; 1.025000e+03; 4.930000e+02; 1.426000e+03; 6.590000e+02; 8.410000e+02; 2.310000e+03; 7.950000e+02; 1.064000e+03; 3.120000e+02; 1.294000e+03; 4.180000e+02; 8.050000e+02; 1.695000e+03; 1.149000e+03; 6.290000e+02; 2.338000e+03; 5.650000e+02; 9.110000e+02; 1.359000e+03; 
1.470000e+02; 1.590000e+03; 4.570000e+02; 2.081000e+03; 1.210000e+03; 8.450000e+02; 6.180000e+02; 2.280000e+02; 0.000000e+00; 1.831000e+03; 5.070000e+02; 4.250000e+02; 7.370000e+02; 7.250000e+02; 3.070000e+02; 4.590000e+02; 1.068000e+03; 5.680000e+02; 9.360000e+02; 6.170000e+02; 8.970000e+02; 3.520000e+02; 5.460000e+02; 1.691000e+03; 8.310000e+02; 1.988000e+03; 9.510000e+02; 6.940000e+02; 1.230000e+03; 8.420000e+02; 3.550000e+02; 1.240000e+03; 4.340000e+02; 7.570000e+02; 2.177000e+03; 6.100000e+02; 9.000000e+02; 1.940000e+02; 1.121000e+03; 2.140000e+02; 8.190000e+02; 1.579000e+03; 9.610000e+02; 4.700000e+02; 2.193000e+03; 3.520000e+02; 6.950000e+02; 1.226000e+03; 
1.788000e+03; 7.360000e+02; 1.412000e+03; 4.440000e+02; 6.360000e+02; 2.191000e+03; 2.111000e+03; 1.962000e+03; 1.831000e+03; 0.000000e+00; 1.389000e+03; 1.565000e+03; 1.154000e+03; 1.107000e+03; 1.668000e+03; 1.639000e+03; 2.282000e+03; 2.067000e+03; 2.258000e+03; 1.588000e+03; 1.145000e+03; 1.606000e+03; 1.294000e+03; 2.920000e+02; 1.015000e+03; 3.580000e+02; 2.218000e+03; 2.123000e+03; 7.710000e+02; 2.121000e+03; 2.049000e+03; 7.830000e+02; 1.718000e+03; 1.138000e+03; 3.490000e+02; 2.017000e+03; 2.252000e+03; 1.987000e+03; 7.900000e+02; 1.632000e+03; 1.366000e+03; 2.970000e+02; 2.149000e+03; 2.058000e+03; 4.010000e+02; 1.826000e+03; 1.344000e+03; 6.060000e+02; 
5.420000e+02; 1.312000e+03; 3.750000e+02; 1.697000e+03; 8.140000e+02; 8.950000e+02; 7.530000e+02; 7.090000e+02; 5.070000e+02; 1.389000e+03; 0.000000e+00; 1.860000e+02; 2.420000e+02; 3.260000e+02; 2.800000e+02; 6.460000e+02; 1.061000e+03; 7.040000e+02; 9.810000e+02; 3.320000e+02; 3.950000e+02; 5.140000e+02; 1.590000e+02; 1.215000e+03; 3.780000e+02; 1.598000e+03; 9.620000e+02; 7.870000e+02; 9.320000e+02; 8.470000e+02; 6.600000e+02; 7.370000e+02; 3.530000e+02; 5.220000e+02; 1.727000e+03; 6.750000e+02; 9.610000e+02; 6.200000e+02; 6.320000e+02; 2.950000e+02; 7.950000e+02; 1.171000e+03; 9.250000e+02; 6.760000e+02; 1.727000e+03; 4.410000e+02; 2.250000e+02; 8.020000e+02; 
5.080000e+02; 1.494000e+03; 4.810000e+02; 1.881000e+03; 9.990000e+02; 7.170000e+02; 5.680000e+02; 6.490000e+02; 4.250000e+02; 1.565000e+03; 1.860000e+02; 0.000000e+00; 4.110000e+02; 5.100000e+02; 1.290000e+02; 6.980000e+02; 8.930000e+02; 5.190000e+02; 8.040000e+02; 2.200000e+02; 5.020000e+02; 5.590000e+02; 3.320000e+02; 1.378000e+03; 5.600000e+02; 1.782000e+03; 7.900000e+02; 6.040000e+02; 1.114000e+03; 6.730000e+02; 4.930000e+02; 8.790000e+02; 1.680000e+02; 6.870000e+02; 1.899000e+03; 4.910000e+02; 7.820000e+02; 4.870000e+02; 7.930000e+02; 2.500000e+02; 9.210000e+02; 1.353000e+03; 7.600000e+02; 4.950000e+02; 1.892000e+03; 2.620000e+02; 2.820000e+02; 9.840000e+02; 
7.490000e+02; 1.150000e+03; 4.740000e+02; 1.480000e+03; 6.090000e+02; 1.078000e+03; 9.650000e+02; 9.240000e+02; 7.370000e+02; 1.154000e+03; 2.420000e+02; 4.110000e+02; 0.000000e+00; 2.050000e+02; 5.190000e+02; 7.740000e+02; 1.215000e+03; 9.190000e+02; 1.156000e+03; 4.710000e+02; 2.310000e+02; 6.630000e+02; 2.210000e+02; 9.730000e+02; 1.690000e+02; 1.380000e+03; 1.128000e+03; 9.880000e+02; 7.760000e+02; 1.018000e+03; 8.990000e+02; 5.040000e+02; 5.670000e+02; 4.680000e+02; 1.488000e+03; 8.770000e+02; 1.142000e+03; 8.610000e+02; 3.900000e+02; 5.240000e+02; 8.070000e+02; 9.490000e+02; 1.076000e+03; 9.050000e+02; 1.486000e+03; 6.730000e+02; 2.390000e+02; 5.810000e+02; 
6.960000e+02; 9.880000e+02; 3.490000e+02; 1.385000e+03; 5.000000e+02; 1.219000e+03; 1.077000e+03; 8.740000e+02; 7.250000e+02; 1.107000e+03; 3.260000e+02; 5.100000e+02; 2.050000e+02; 0.000000e+00; 5.860000e+02; 6.410000e+02; 1.376000e+03; 1.027000e+03; 1.303000e+03; 6.320000e+02; 4.240000e+02; 5.550000e+02; 1.920000e+02; 9.740000e+02; 1.330000e+02; 1.287000e+03; 1.282000e+03; 1.113000e+03; 6.080000e+02; 1.167000e+03; 9.590000e+02; 5.910000e+02; 6.780000e+02; 2.650000e+02; 1.453000e+03; 1.000000e+03; 1.284000e+03; 8.820000e+02; 4.370000e+02; 5.260000e+02; 6.110000e+02; 8.660000e+02; 1.238000e+03; 9.930000e+02; 1.470000e+03; 7.580000e+02; 4.280000e+02; 5.040000e+02; 
4.080000e+02; 1.552000e+03; 4.750000e+02; 1.969000e+03; 1.084000e+03; 6.890000e+02; 5.070000e+02; 5.340000e+02; 3.070000e+02; 1.668000e+03; 2.800000e+02; 1.290000e+02; 5.190000e+02; 5.860000e+02; 0.000000e+00; 6.420000e+02; 8.870000e+02; 4.550000e+02; 7.800000e+02; 3.120000e+02; 6.290000e+02; 5.040000e+02; 3.970000e+02; 1.492000e+03; 6.560000e+02; 1.871000e+03; 7.760000e+02; 5.580000e+02; 1.174000e+03; 6.590000e+02; 3.810000e+02; 1.001000e+03; 1.570000e+02; 7.240000e+02; 2.006000e+03; 4.490000e+02; 7.530000e+02; 3.590000e+02; 9.070000e+02; 1.750000e+02; 9.130000e+02; 1.445000e+03; 7.610000e+02; 4.080000e+02; 2.004000e+03; 1.760000e+02; 4.100000e+02; 1.077000e+03; 
3.180000e+02; 1.243000e+03; 3.010000e+02; 1.806000e+03; 1.006000e+03; 1.289000e+03; 1.070000e+03; 4.130000e+02; 4.590000e+02; 1.639000e+03; 6.460000e+02; 6.980000e+02; 7.740000e+02; 6.410000e+02; 6.420000e+02; 0.000000e+00; 1.505000e+03; 1.019000e+03; 1.382000e+03; 9.170000e+02; 9.970000e+02; 1.400000e+02; 5.580000e+02; 1.569000e+03; 7.730000e+02; 1.722000e+03; 1.390000e+03; 1.142000e+03; 9.270000e+02; 1.276000e+03; 8.140000e+02; 1.231000e+03; 7.990000e+02; 5.030000e+02; 1.986000e+03; 1.048000e+03; 1.348000e+03; 6.430000e+02; 1.075000e+03; 4.670000e+02; 3.930000e+02; 1.356000e+03; 1.389000e+03; 9.260000e+02; 2.030000e+03; 7.680000e+02; 8.700000e+02; 1.056000e+03; 
1.213000e+03; 2.360000e+03; 1.359000e+03; 2.662000e+03; 1.818000e+03; 2.300000e+02; 4.650000e+02; 1.244000e+03; 1.068000e+03; 2.282000e+03; 1.061000e+03; 8.930000e+02; 1.215000e+03; 1.376000e+03; 8.870000e+02; 1.505000e+03; 0.000000e+00; 5.070000e+02; 1.510000e+02; 7.460000e+02; 1.144000e+03; 1.374000e+03; 1.218000e+03; 2.035000e+03; 1.383000e+03; 2.561000e+03; 1.170000e+02; 3.820000e+02; 1.982000e+03; 2.300000e+02; 7.540000e+02; 1.504000e+03; 7.390000e+02; 1.579000e+03; 2.577000e+03; 4.590000e+02; 1.930000e+02; 9.330000e+02; 1.503000e+03; 1.054000e+03; 1.799000e+03; 2.134000e+03; 1.390000e+02; 6.160000e+02; 2.532000e+03; 7.390000e+02; 9.800000e+02; 1.777000e+03; 
7.140000e+02; 2.004000e+03; 9.180000e+02; 2.397000e+03; 1.516000e+03; 2.790000e+02; 5.400000e+01; 7.370000e+02; 5.680000e+02; 2.067000e+03; 7.040000e+02; 5.190000e+02; 9.190000e+02; 1.027000e+03; 4.550000e+02; 1.019000e+03; 5.070000e+02; 0.000000e+00; 3.690000e+02; 4.950000e+02; 9.450000e+02; 8.950000e+02; 8.430000e+02; 1.860000e+03; 1.076000e+03; 2.297000e+03; 3.900000e+02; 1.270000e+02; 1.625000e+03; 2.920000e+02; 2.510000e+02; 1.337000e+03; 3.540000e+02; 1.178000e+03; 2.393000e+03; 9.100000e+01; 3.320000e+02; 4.270000e+02; 1.281000e+03; 5.950000e+02; 1.344000e+03; 1.867000e+03; 4.180000e+02; 1.120000e+02; 2.375000e+03; 2.810000e+02; 7.280000e+02; 1.498000e+03; 
1.082000e+03; 2.291000e+03; 1.255000e+03; 2.624000e+03; 1.764000e+03; 9.300000e+01; 3.230000e+02; 1.103000e+03; 9.360000e+02; 2.258000e+03; 9.810000e+02; 8.040000e+02; 1.156000e+03; 1.303000e+03; 7.800000e+02; 1.382000e+03; 1.510000e+02; 3.690000e+02; 0.000000e+00; 6.870000e+02; 1.114000e+03; 1.254000e+03; 1.135000e+03; 2.022000e+03; 1.323000e+03; 2.523000e+03; 6.400000e+01; 2.430000e+02; 1.911000e+03; 1.390000e+02; 6.110000e+02; 1.489000e+03; 6.410000e+02; 1.490000e+03; 2.564000e+03; 3.360000e+02; 4.200000e+01; 7.920000e+02; 1.471000e+03; 9.400000e+02; 1.690000e+03; 2.093000e+03; 1.540000e+02; 4.750000e+02; 2.527000e+03; 6.210000e+02; 9.300000e+02; 1.730000e+03; 
7.170000e+02; 1.615000e+03; 6.860000e+02; 1.941000e+03; 1.078000e+03; 6.110000e+02; 5.320000e+02; 8.440000e+02; 6.170000e+02; 1.588000e+03; 3.320000e+02; 2.200000e+02; 4.710000e+02; 6.320000e+02; 3.120000e+02; 9.170000e+02; 7.460000e+02; 4.950000e+02; 6.870000e+02; 0.000000e+00; 4.530000e+02; 7.780000e+02; 4.900000e+02; 1.371000e+03; 6.390000e+02; 1.840000e+03; 6.580000e+02; 5.360000e+02; 1.237000e+03; 5.480000e+02; 5.740000e+02; 8.440000e+02; 2.070000e+02; 8.520000e+02; 1.907000e+03; 4.320000e+02; 6.740000e+02; 6.300000e+02; 7.990000e+02; 4.660000e+02; 1.120000e+03; 1.409000e+03; 6.080000e+02; 5.190000e+02; 1.884000e+03; 3.390000e+02; 2.460000e+02; 1.044000e+03; 
9.350000e+02; 1.279000e+03; 6.990000e+02; 1.519000e+03; 7.030000e+02; 1.047000e+03; 9.840000e+02; 1.103000e+03; 8.970000e+02; 1.145000e+03; 3.950000e+02; 5.020000e+02; 2.310000e+02; 4.240000e+02; 6.290000e+02; 9.970000e+02; 1.144000e+03; 9.450000e+02; 1.114000e+03; 4.530000e+02; 0.000000e+00; 8.790000e+02; 4.390000e+02; 9.190000e+02; 3.360000e+02; 1.418000e+03; 1.075000e+03; 9.870000e+02; 9.240000e+02; 9.760000e+02; 9.850000e+02; 3.930000e+02; 6.180000e+02; 6.880000e+02; 1.457000e+03; 8.840000e+02; 1.108000e+03; 9.870000e+02; 3.600000e+02; 6.880000e+02; 1.034000e+03; 9.920000e+02; 1.009000e+03; 9.580000e+02; 1.432000e+03; 7.450000e+02; 2.250000e+02; 6.460000e+02; 
2.280000e+02; 1.272000e+03; 2.070000e+02; 1.805000e+03; 9.700000e+02; 1.162000e+03; 9.470000e+02; 3.720000e+02; 3.520000e+02; 1.606000e+03; 5.140000e+02; 5.590000e+02; 6.630000e+02; 5.550000e+02; 5.040000e+02; 1.400000e+02; 1.374000e+03; 8.950000e+02; 1.254000e+03; 7.780000e+02; 8.790000e+02; 0.000000e+00; 4.440000e+02; 1.512000e+03; 6.850000e+02; 1.717000e+03; 1.260000e+03; 1.016000e+03; 9.320000e+02; 1.145000e+03; 7.040000e+02; 1.140000e+03; 6.610000e+02; 4.730000e+02; 1.954000e+03; 9.190000e+02; 1.221000e+03; 5.440000e+02; 9.910000e+02; 3.290000e+02; 4.680000e+02; 1.332000e+03; 1.255000e+03; 8.080000e+02; 1.989000e+03; 6.360000e+02; 7.390000e+02; 1.009000e+03; 
5.380000e+02; 1.163000e+03; 2.620000e+02; 1.576000e+03; 6.910000e+02; 1.049000e+03; 8.940000e+02; 7.150000e+02; 5.460000e+02; 1.294000e+03; 1.590000e+02; 3.320000e+02; 2.210000e+02; 1.920000e+02; 3.970000e+02; 5.580000e+02; 1.218000e+03; 8.430000e+02; 1.135000e+03; 4.900000e+02; 4.390000e+02; 4.440000e+02; 0.000000e+00; 1.145000e+03; 2.860000e+02; 1.479000e+03; 1.119000e+03; 9.340000e+02; 7.830000e+02; 1.002000e+03; 7.680000e+02; 7.130000e+02; 4.990000e+02; 3.630000e+02; 1.637000e+03; 8.220000e+02; 1.114000e+03; 6.940000e+02; 5.800000e+02; 3.400000e+02; 6.500000e+02; 1.057000e+03; 1.083000e+03; 8.040000e+02; 1.649000e+03; 5.700000e+02; 3.410000e+02; 6.930000e+02; 
1.670000e+03; 9.060000e+02; 1.308000e+03; 7.350000e+02; 5.880000e+02; 1.961000e+03; 1.901000e+03; 1.847000e+03; 1.691000e+03; 2.920000e+02; 1.215000e+03; 1.378000e+03; 9.730000e+02; 9.740000e+02; 1.492000e+03; 1.569000e+03; 2.035000e+03; 1.860000e+03; 2.022000e+03; 1.371000e+03; 9.190000e+02; 1.512000e+03; 1.145000e+03; 0.000000e+00; 8.600000e+02; 6.460000e+02; 1.978000e+03; 1.905000e+03; 8.130000e+02; 1.887000e+03; 1.870000e+03; 5.340000e+02; 1.521000e+03; 1.070000e+03; 5.430000e+02; 1.802000e+03; 2.019000e+03; 1.830000e+03; 5.860000e+02; 1.483000e+03; 1.355000e+03; 4.030000e+02; 1.905000e+03; 1.864000e+03; 5.150000e+02; 1.638000e+03; 1.133000e+03; 5.190000e+02; 
8.160000e+02; 9.830000e+02; 4.800000e+02; 1.321000e+03; 4.430000e+02; 1.244000e+03; 1.123000e+03; 9.940000e+02; 8.310000e+02; 1.015000e+03; 3.780000e+02; 5.600000e+02; 1.690000e+02; 1.330000e+02; 6.560000e+02; 7.730000e+02; 1.383000e+03; 1.076000e+03; 1.323000e+03; 6.390000e+02; 3.360000e+02; 6.850000e+02; 2.860000e+02; 8.600000e+02; 0.000000e+00; 1.222000e+03; 1.296000e+03; 1.150000e+03; 6.110000e+02; 1.185000e+03; 1.036000e+03; 4.580000e+02; 7.230000e+02; 3.680000e+02; 1.356000e+03; 1.038000e+03; 1.308000e+03; 9.760000e+02; 3.060000e+02; 6.240000e+02; 7.230000e+02; 7.930000e+02; 1.245000e+03; 1.054000e+03; 1.364000e+03; 8.190000e+02; 4.060000e+02; 4.240000e+02; 
1.922000e+03; 5.850000e+02; 1.541000e+03; 1.020000e+02; 7.880000e+02; 2.450000e+03; 2.344000e+03; 2.086000e+03; 1.988000e+03; 3.580000e+02; 1.598000e+03; 1.782000e+03; 1.380000e+03; 1.287000e+03; 1.871000e+03; 1.722000e+03; 2.561000e+03; 2.297000e+03; 2.523000e+03; 1.840000e+03; 1.418000e+03; 1.717000e+03; 1.479000e+03; 6.460000e+02; 1.222000e+03; 0.000000e+00; 2.488000e+03; 2.367000e+03; 7.960000e+02; 2.384000e+03; 2.246000e+03; 1.091000e+03; 1.944000e+03; 1.246000e+03; 4.350000e+02; 2.256000e+03; 2.513000e+03; 2.160000e+03; 1.059000e+03; 1.806000e+03; 1.391000e+03; 4.310000e+02; 2.425000e+03; 2.274000e+03; 5.690000e+02; 2.039000e+03; 1.595000e+03; 8.000000e+02; 
1.096000e+03; 2.269000e+03; 1.251000e+03; 2.589000e+03; 1.735000e+03; 1.160000e+02; 3.490000e+02; 1.127000e+03; 9.510000e+02; 2.218000e+03; 9.620000e+02; 7.900000e+02; 1.128000e+03; 1.282000e+03; 7.760000e+02; 1.390000e+03; 1.170000e+02; 3.900000e+02; 6.400000e+01; 6.580000e+02; 1.075000e+03; 1.260000e+03; 1.119000e+03; 1.978000e+03; 1.296000e+03; 2.488000e+03; 0.000000e+00; 2.660000e+02; 1.889000e+03; 1.180000e+02; 6.390000e+02; 1.445000e+03; 6.320000e+02; 1.477000e+03; 2.521000e+03; 3.430000e+02; 9.700000e+01; 8.160000e+02; 1.433000e+03; 9.410000e+02; 1.689000e+03; 2.059000e+03; 9.100000e+01; 5.000000e+02; 2.481000e+03; 6.250000e+02; 8.980000e+02; 1.698000e+03; 
8.400000e+02; 2.097000e+03; 1.029000e+03; 2.467000e+03; 1.592000e+03; 1.530000e+02; 8.500000e+01; 8.630000e+02; 6.940000e+02; 2.123000e+03; 7.870000e+02; 6.040000e+02; 9.880000e+02; 1.113000e+03; 5.580000e+02; 1.142000e+03; 3.820000e+02; 1.270000e+02; 2.430000e+02; 5.360000e+02; 9.870000e+02; 1.016000e+03; 9.340000e+02; 1.905000e+03; 1.150000e+03; 2.367000e+03; 2.660000e+02; 0.000000e+00; 1.716000e+03; 1.770000e+02; 3.740000e+02; 1.376000e+03; 4.360000e+02; 1.279000e+03; 2.443000e+03; 1.130000e+02; 2.070000e+02; 5.520000e+02; 1.334000e+03; 7.090000e+02; 1.459000e+03; 1.936000e+03; 3.020000e+02; 2.350000e+02; 2.418000e+03; 3.900000e+02; 7.800000e+02; 1.568000e+03; 
1.147000e+03; 3.810000e+02; 7.740000e+02; 8.790000e+02; 2.830000e+02; 1.826000e+03; 1.676000e+03; 1.303000e+03; 1.230000e+03; 7.710000e+02; 9.320000e+02; 1.114000e+03; 7.760000e+02; 6.080000e+02; 1.174000e+03; 9.270000e+02; 1.982000e+03; 1.625000e+03; 1.911000e+03; 1.237000e+03; 9.240000e+02; 9.320000e+02; 7.830000e+02; 8.130000e+02; 6.110000e+02; 7.960000e+02; 1.889000e+03; 1.716000e+03; 0.000000e+00; 1.775000e+03; 1.526000e+03; 8.070000e+02; 1.281000e+03; 4.740000e+02; 1.100000e+03; 1.604000e+03; 1.892000e+03; 1.414000e+03; 6.630000e+02; 1.072000e+03; 6.050000e+02; 4.750000e+02; 1.844000e+03; 1.579000e+03; 1.172000e+03; 1.349000e+03; 1.015000e+03; 3.790000e+02; 
9.860000e+02; 2.155000e+03; 1.133000e+03; 2.485000e+03; 1.626000e+03; 8.300000e+01; 2.600000e+02; 1.025000e+03; 8.420000e+02; 2.121000e+03; 8.470000e+02; 6.730000e+02; 1.018000e+03; 1.167000e+03; 6.590000e+02; 1.276000e+03; 2.300000e+02; 2.920000e+02; 1.390000e+02; 5.480000e+02; 9.760000e+02; 1.145000e+03; 1.002000e+03; 1.887000e+03; 1.185000e+03; 2.384000e+03; 1.180000e+02; 1.770000e+02; 1.775000e+03; 0.000000e+00; 5.430000e+02; 1.354000e+03; 5.140000e+02; 1.360000e+03; 2.429000e+03; 2.330000e+02; 1.330000e+02; 7.160000e+02; 1.334000e+03; 8.250000e+02; 1.571000e+03; 1.954000e+03; 1.270000e+02; 4.040000e+02; 2.393000e+03; 5.090000e+02; 7.910000e+02; 1.592000e+03; 
4.980000e+02; 1.898000e+03; 7.720000e+02; 2.343000e+03; 1.458000e+03; 5.250000e+02; 2.900000e+02; 4.930000e+02; 3.550000e+02; 2.049000e+03; 6.600000e+02; 4.930000e+02; 8.990000e+02; 9.590000e+02; 3.810000e+02; 8.140000e+02; 7.540000e+02; 2.510000e+02; 6.110000e+02; 5.740000e+02; 9.850000e+02; 7.040000e+02; 7.680000e+02; 1.870000e+03; 1.036000e+03; 2.246000e+03; 6.390000e+02; 3.740000e+02; 1.526000e+03; 5.430000e+02; 0.000000e+00; 1.370000e+03; 3.730000e+02; 1.059000e+03; 2.386000e+03; 3.240000e+02; 5.720000e+02; 1.830000e+02; 1.285000e+03; 4.550000e+02; 1.168000e+03; 1.823000e+03; 6.690000e+02; 1.390000e+02; 2.384000e+03; 2.420000e+02; 7.610000e+02; 1.456000e+03; 
1.250000e+03; 1.091000e+03; 9.360000e+02; 1.190000e+03; 5.280000e+02; 1.428000e+03; 1.375000e+03; 1.426000e+03; 1.240000e+03; 7.830000e+02; 7.370000e+02; 8.790000e+02; 5.040000e+02; 5.910000e+02; 1.001000e+03; 1.231000e+03; 1.504000e+03; 1.337000e+03; 1.489000e+03; 8.440000e+02; 3.930000e+02; 1.140000e+03; 7.130000e+02; 5.340000e+02; 4.580000e+02; 1.091000e+03; 1.445000e+03; 1.376000e+03; 8.070000e+02; 1.354000e+03; 1.370000e+03; 0.000000e+00; 1.007000e+03; 7.940000e+02; 1.076000e+03; 1.275000e+03; 1.486000e+03; 1.354000e+03; 1.690000e+02; 1.026000e+03; 1.143000e+03; 6.920000e+02; 1.372000e+03; 1.349000e+03; 1.043000e+03; 1.131000e+03; 6.140000e+02; 4.370000e+02; 
5.530000e+02; 1.661000e+03; 6.220000e+02; 2.044000e+03; 1.163000e+03; 5.530000e+02; 4.020000e+02; 6.590000e+02; 4.340000e+02; 1.718000e+03; 3.530000e+02; 1.680000e+02; 5.670000e+02; 6.780000e+02; 1.570000e+02; 7.990000e+02; 7.390000e+02; 3.540000e+02; 6.410000e+02; 2.070000e+02; 6.180000e+02; 6.610000e+02; 4.990000e+02; 1.521000e+03; 7.230000e+02; 1.944000e+03; 6.320000e+02; 4.360000e+02; 1.281000e+03; 5.140000e+02; 3.730000e+02; 1.007000e+03; 0.000000e+00; 8.490000e+02; 2.048000e+03; 3.230000e+02; 6.180000e+02; 4.240000e+02; 9.370000e+02; 3.320000e+02; 1.062000e+03; 1.514000e+03; 6.090000e+02; 3.440000e+02; 2.035000e+03; 1.340000e+02; 3.940000e+02; 1.145000e+03; 
6.780000e+02; 8.400000e+02; 3.010000e+02; 1.336000e+03; 5.030000e+02; 1.401000e+03; 1.231000e+03; 8.410000e+02; 7.570000e+02; 1.138000e+03; 5.220000e+02; 6.870000e+02; 4.680000e+02; 2.650000e+02; 7.240000e+02; 5.030000e+02; 1.579000e+03; 1.178000e+03; 1.490000e+03; 8.520000e+02; 6.880000e+02; 4.730000e+02; 3.630000e+02; 1.070000e+03; 3.680000e+02; 1.246000e+03; 1.477000e+03; 1.279000e+03; 4.740000e+02; 1.360000e+03; 1.059000e+03; 7.940000e+02; 8.490000e+02; 0.000000e+00; 1.486000e+03; 1.168000e+03; 1.466000e+03; 9.410000e+02; 6.270000e+02; 6.040000e+02; 3.560000e+02; 8.600000e+02; 1.444000e+03; 1.122000e+03; 1.528000e+03; 8.980000e+02; 6.770000e+02; 5.540000e+02; 
2.136000e+03; 9.880000e+02; 1.760000e+03; 4.510000e+02; 9.850000e+02; 2.502000e+03; 2.435000e+03; 2.310000e+03; 2.177000e+03; 3.490000e+02; 1.727000e+03; 1.899000e+03; 1.488000e+03; 1.453000e+03; 2.006000e+03; 1.986000e+03; 2.577000e+03; 2.393000e+03; 2.564000e+03; 1.907000e+03; 1.457000e+03; 1.954000e+03; 1.637000e+03; 5.430000e+02; 1.356000e+03; 4.350000e+02; 2.521000e+03; 2.443000e+03; 1.100000e+03; 2.429000e+03; 2.386000e+03; 1.076000e+03; 2.048000e+03; 1.486000e+03; 0.000000e+00; 2.338000e+03; 2.561000e+03; 2.331000e+03; 1.112000e+03; 1.976000e+03; 1.701000e+03; 6.330000e+02; 2.447000e+03; 2.390000e+03; 1.460000e+02; 2.160000e+03; 1.666000e+03; 9.530000e+02; 
7.540000e+02; 1.984000e+03; 9.220000e+02; 2.357000e+03; 1.481000e+03; 2.440000e+02; 1.050000e+02; 7.950000e+02; 6.100000e+02; 2.017000e+03; 6.750000e+02; 4.910000e+02; 8.770000e+02; 1.000000e+03; 4.490000e+02; 1.048000e+03; 4.590000e+02; 9.100000e+01; 3.360000e+02; 4.320000e+02; 8.840000e+02; 9.190000e+02; 8.220000e+02; 1.802000e+03; 1.038000e+03; 2.256000e+03; 3.430000e+02; 1.130000e+02; 1.604000e+03; 2.330000e+02; 3.240000e+02; 1.275000e+03; 3.230000e+02; 1.168000e+03; 2.338000e+03; 0.000000e+00; 3.050000e+02; 4.880000e+02; 1.228000e+03; 6.050000e+02; 1.356000e+03; 1.826000e+03; 3.550000e+02; 1.900000e+02; 2.316000e+03; 2.860000e+02; 6.730000e+02; 1.457000e+03; 
1.046000e+03; 2.272000e+03; 1.227000e+03; 2.613000e+03; 1.750000e+03; 6.600000e+01; 2.850000e+02; 1.064000e+03; 9.000000e+02; 2.252000e+03; 9.610000e+02; 7.820000e+02; 1.142000e+03; 1.284000e+03; 7.530000e+02; 1.348000e+03; 1.930000e+02; 3.320000e+02; 4.200000e+01; 6.740000e+02; 1.108000e+03; 1.221000e+03; 1.114000e+03; 2.019000e+03; 1.308000e+03; 2.513000e+03; 9.700000e+01; 2.070000e+02; 1.892000e+03; 1.330000e+02; 5.720000e+02; 1.486000e+03; 6.180000e+02; 1.466000e+03; 2.561000e+03; 3.050000e+02; 0.000000e+00; 7.530000e+02; 1.464000e+03; 9.100000e+02; 1.661000e+03; 2.082000e+03; 1.810000e+02; 4.370000e+02; 2.526000e+03; 5.900000e+02; 9.190000e+02; 1.718000e+03; 
3.260000e+02; 1.778000e+03; 6.440000e+02; 2.255000e+03; 1.377000e+03; 7.040000e+02; 4.690000e+02; 3.120000e+02; 1.940000e+02; 1.987000e+03; 6.200000e+02; 4.870000e+02; 8.610000e+02; 8.820000e+02; 3.590000e+02; 6.430000e+02; 9.330000e+02; 4.270000e+02; 7.920000e+02; 6.300000e+02; 9.870000e+02; 5.440000e+02; 6.940000e+02; 1.830000e+03; 9.760000e+02; 2.160000e+03; 8.160000e+02; 5.520000e+02; 1.414000e+03; 7.160000e+02; 1.830000e+02; 1.354000e+03; 4.240000e+02; 9.410000e+02; 2.331000e+03; 4.880000e+02; 7.530000e+02; 0.000000e+00; 1.250000e+03; 3.570000e+02; 1.011000e+03; 1.745000e+03; 8.410000e+02; 3.170000e+02; 2.339000e+03; 3.010000e+02; 7.690000e+02; 1.385000e+03; 
1.117000e+03; 9.760000e+02; 7.850000e+02; 1.161000e+03; 3.960000e+02; 1.403000e+03; 1.324000e+03; 1.294000e+03; 1.121000e+03; 7.900000e+02; 6.320000e+02; 7.930000e+02; 3.900000e+02; 4.370000e+02; 9.070000e+02; 1.075000e+03; 1.503000e+03; 1.281000e+03; 1.471000e+03; 7.990000e+02; 3.600000e+02; 9.910000e+02; 5.800000e+02; 5.860000e+02; 3.060000e+02; 1.059000e+03; 1.433000e+03; 1.334000e+03; 6.630000e+02; 1.334000e+03; 1.285000e+03; 1.690000e+02; 9.370000e+02; 6.270000e+02; 1.112000e+03; 1.228000e+03; 1.464000e+03; 1.250000e+03; 0.000000e+00; 9.090000e+02; 9.740000e+02; 6.370000e+02; 1.368000e+03; 1.280000e+03; 1.100000e+03; 1.053000e+03; 5.550000e+02; 3.170000e+02; 
2.610000e+02; 1.443000e+03; 3.250000e+02; 1.901000e+03; 1.021000e+03; 8.480000e+02; 6.480000e+02; 4.180000e+02; 2.140000e+02; 1.632000e+03; 2.950000e+02; 2.500000e+02; 5.240000e+02; 5.260000e+02; 1.750000e+02; 4.670000e+02; 1.054000e+03; 5.950000e+02; 9.400000e+02; 4.660000e+02; 6.880000e+02; 3.290000e+02; 3.400000e+02; 1.483000e+03; 6.240000e+02; 1.806000e+03; 9.410000e+02; 7.090000e+02; 1.072000e+03; 8.250000e+02; 4.550000e+02; 1.026000e+03; 3.320000e+02; 6.040000e+02; 1.976000e+03; 6.050000e+02; 9.100000e+02; 3.570000e+02; 9.090000e+02; 0.000000e+00; 7.510000e+02; 1.389000e+03; 9.310000e+02; 5.250000e+02; 1.988000e+03; 3.200000e+02; 4.950000e+02; 1.029000e+03; 
6.920000e+02; 8.720000e+02; 4.420000e+02; 1.467000e+03; 7.680000e+02; 1.598000e+03; 1.396000e+03; 8.050000e+02; 8.190000e+02; 1.366000e+03; 7.950000e+02; 9.210000e+02; 8.070000e+02; 6.110000e+02; 9.130000e+02; 3.930000e+02; 1.799000e+03; 1.344000e+03; 1.690000e+03; 1.120000e+03; 1.034000e+03; 4.680000e+02; 6.500000e+02; 1.355000e+03; 7.230000e+02; 1.391000e+03; 1.689000e+03; 1.459000e+03; 6.050000e+02; 1.571000e+03; 1.168000e+03; 1.143000e+03; 1.062000e+03; 3.560000e+02; 1.701000e+03; 1.356000e+03; 1.661000e+03; 1.011000e+03; 9.740000e+02; 7.510000e+02; 0.000000e+00; 1.071000e+03; 1.671000e+03; 1.264000e+03; 1.766000e+03; 1.071000e+03; 9.890000e+02; 8.430000e+02; 
1.525000e+03; 5.040000e+02; 1.144000e+03; 5.320000e+02; 3.700000e+02; 2.019000e+03; 1.914000e+03; 1.695000e+03; 1.579000e+03; 2.970000e+02; 1.171000e+03; 1.353000e+03; 9.490000e+02; 8.660000e+02; 1.445000e+03; 1.356000e+03; 2.134000e+03; 1.867000e+03; 2.093000e+03; 1.409000e+03; 9.920000e+02; 1.332000e+03; 1.057000e+03; 4.030000e+02; 7.930000e+02; 4.310000e+02; 2.059000e+03; 1.936000e+03; 4.750000e+02; 1.954000e+03; 1.823000e+03; 6.920000e+02; 1.514000e+03; 8.600000e+02; 6.330000e+02; 1.826000e+03; 2.082000e+03; 1.745000e+03; 6.370000e+02; 1.389000e+03; 1.071000e+03; 0.000000e+00; 1.997000e+03; 1.846000e+03; 6.980000e+02; 1.611000e+03; 1.164000e+03; 3.700000e+02; 
1.104000e+03; 2.223000e+03; 1.231000e+03; 2.526000e+03; 1.680000e+03; 1.740000e+02; 3.860000e+02; 1.149000e+03; 9.610000e+02; 2.149000e+03; 9.250000e+02; 7.600000e+02; 1.076000e+03; 1.238000e+03; 7.610000e+02; 1.389000e+03; 1.390000e+02; 4.180000e+02; 1.540000e+02; 6.080000e+02; 1.009000e+03; 1.255000e+03; 1.083000e+03; 1.905000e+03; 1.245000e+03; 2.425000e+03; 9.100000e+01; 3.020000e+02; 1.844000e+03; 1.270000e+02; 6.690000e+02; 1.372000e+03; 6.090000e+02; 1.444000e+03; 2.447000e+03; 3.550000e+02; 1.810000e+02; 8.410000e+02; 1.368000e+03; 9.310000e+02; 1.671000e+03; 1.997000e+03; 0.000000e+00; 5.300000e+02; 2.405000e+03; 6.220000e+02; 8.420000e+02; 1.640000e+03; 
6.160000e+02; 1.957000e+03; 8.500000e+02; 2.373000e+03; 1.489000e+03; 3.870000e+02; 1.530000e+02; 6.290000e+02; 4.700000e+02; 2.058000e+03; 6.760000e+02; 4.950000e+02; 9.050000e+02; 9.930000e+02; 4.080000e+02; 9.260000e+02; 6.160000e+02; 1.120000e+02; 4.750000e+02; 5.190000e+02; 9.580000e+02; 8.080000e+02; 8.040000e+02; 1.864000e+03; 1.054000e+03; 2.274000e+03; 5.000000e+02; 2.350000e+02; 1.579000e+03; 4.040000e+02; 1.390000e+02; 1.349000e+03; 3.440000e+02; 1.122000e+03; 2.390000e+03; 1.900000e+02; 4.370000e+02; 3.170000e+02; 1.280000e+03; 5.250000e+02; 1.264000e+03; 1.846000e+03; 5.300000e+02; 0.000000e+00; 2.379000e+03; 2.360000e+02; 7.350000e+02; 1.477000e+03; 
2.162000e+03; 1.098000e+03; 1.790000e+03; 5.940000e+02; 1.025000e+03; 2.468000e+03; 2.415000e+03; 2.338000e+03; 2.193000e+03; 4.010000e+02; 1.727000e+03; 1.892000e+03; 1.486000e+03; 1.470000e+03; 2.004000e+03; 2.030000e+03; 2.532000e+03; 2.375000e+03; 2.527000e+03; 1.884000e+03; 1.432000e+03; 1.989000e+03; 1.649000e+03; 5.150000e+02; 1.364000e+03; 5.690000e+02; 2.481000e+03; 2.418000e+03; 1.172000e+03; 2.393000e+03; 2.384000e+03; 1.043000e+03; 2.035000e+03; 1.528000e+03; 1.460000e+02; 2.316000e+03; 2.526000e+03; 2.339000e+03; 1.100000e+03; 1.988000e+03; 1.766000e+03; 6.980000e+02; 2.405000e+03; 2.379000e+03; 0.000000e+00; 2.152000e+03; 1.647000e+03; 9.810000e+02; 
4.880000e+02; 1.727000e+03; 6.400000e+02; 2.138000e+03; 1.253000e+03; 5.280000e+02; 3.340000e+02; 5.650000e+02; 3.520000e+02; 1.826000e+03; 4.410000e+02; 2.620000e+02; 6.730000e+02; 7.580000e+02; 1.760000e+02; 7.680000e+02; 7.390000e+02; 2.810000e+02; 6.210000e+02; 3.390000e+02; 7.450000e+02; 6.360000e+02; 5.700000e+02; 1.638000e+03; 8.190000e+02; 2.039000e+03; 6.250000e+02; 3.900000e+02; 1.349000e+03; 5.090000e+02; 2.420000e+02; 1.131000e+03; 1.340000e+02; 8.980000e+02; 2.160000e+03; 2.860000e+02; 5.900000e+02; 3.010000e+02; 1.053000e+03; 3.200000e+02; 1.071000e+03; 1.611000e+03; 6.220000e+02; 2.360000e+02; 2.152000e+03; 0.000000e+00; 5.200000e+02; 1.242000e+03; 
7.530000e+02; 1.388000e+03; 5.910000e+02; 1.695000e+03; 8.390000e+02; 8.560000e+02; 7.690000e+02; 9.110000e+02; 6.950000e+02; 1.344000e+03; 2.250000e+02; 2.820000e+02; 2.390000e+02; 4.280000e+02; 4.100000e+02; 8.700000e+02; 9.800000e+02; 7.280000e+02; 9.300000e+02; 2.460000e+02; 2.250000e+02; 7.390000e+02; 3.410000e+02; 1.133000e+03; 4.060000e+02; 1.595000e+03; 8.980000e+02; 7.800000e+02; 1.015000e+03; 7.910000e+02; 7.610000e+02; 6.140000e+02; 3.940000e+02; 6.770000e+02; 1.666000e+03; 6.730000e+02; 9.190000e+02; 7.690000e+02; 5.550000e+02; 4.950000e+02; 9.890000e+02; 1.164000e+03; 8.420000e+02; 7.350000e+02; 1.647000e+03; 5.200000e+02; 0.000000e+00; 8.010000e+02; 
1.184000e+03; 6.610000e+02; 8.100000e+02; 9.000000e+02; 9.700000e+01; 1.654000e+03; 1.545000e+03; 1.359000e+03; 1.226000e+03; 6.060000e+02; 8.020000e+02; 9.840000e+02; 5.810000e+02; 5.040000e+02; 1.077000e+03; 1.056000e+03; 1.777000e+03; 1.498000e+03; 1.730000e+03; 1.044000e+03; 6.460000e+02; 1.009000e+03; 6.930000e+02; 5.190000e+02; 4.240000e+02; 8.000000e+02; 1.698000e+03; 1.568000e+03; 3.790000e+02; 1.592000e+03; 1.456000e+03; 4.370000e+02; 1.145000e+03; 5.540000e+02; 9.530000e+02; 1.457000e+03; 1.718000e+03; 1.385000e+03; 3.170000e+02; 1.029000e+03; 8.430000e+02; 3.700000e+02; 1.640000e+03; 1.477000e+03; 9.810000e+02; 1.242000e+03; 8.010000e+02; 0.000000e+00; 
Recursion step 1:
Costs:
0.000000e+00; 1.396500e+03; 3.771667e+02; 2.048750e+03; 1.257250e+03; 1.004000e+03; 7.490000e+02; 2.532500e+02; 1.747833e+03; 6.260000e+02; 6.795000e+02; 8.421667e+02; 4.052500e+02; 1.155500e+03; 1.073750e+03; 9.255000e+02; 8.130000e+02; 5.590000e+02; 1.271750e+03; 5.662500e+02; 7.540000e+02; 2.236500e+03; 
1.396500e+03; 0.000000e+00; 1.047167e+03; 7.242500e+02; 4.765000e+02; 1.990750e+03; 1.840250e+03; 1.503000e+03; 7.008333e+02; 1.047500e+03; 1.365000e+03; 8.526667e+02; 1.310250e+03; 2.094500e+03; 2.091500e+03; 1.151500e+03; 1.850250e+03; 1.740000e+03; 8.842500e+02; 1.504500e+03; 6.977500e+02; 1.089500e+03; 
3.771667e+02; 1.047167e+03; 0.000000e+00; 1.704000e+03; 9.381667e+02; 1.194667e+03; 9.700000e+02; 5.165000e+02; 1.430889e+03; 4.665000e+02; 6.865000e+02; 5.993333e+02; 4.570000e+02; 1.334889e+03; 1.281167e+03; 7.958333e+02; 1.012667e+03; 8.123333e+02; 1.026333e+03; 6.876667e+02; 4.300000e+02; 1.918167e+03; 
2.048750e+03; 7.242500e+02; 1.704000e+03; 0.000000e+00; 8.435000e+02; 2.467250e+03; 2.370500e+03; 2.121000e+03; 5.243333e+02; 1.587500e+03; 1.861000e+03; 1.345833e+03; 1.886750e+03; 2.541833e+03; 2.568250e+03; 1.556750e+03; 2.361750e+03; 2.309000e+03; 1.125250e+03; 2.041250e+03; 1.360000e+03; 5.122500e+02; 
1.257250e+03; 4.765000e+02; 9.381667e+02; 8.435000e+02; 0.000000e+00; 1.639500e+03; 1.531000e+03; 1.299500e+03; 5.148333e+02; 7.500000e+02; 1.026250e+03; 5.101667e+02; 1.052750e+03; 1.724667e+03; 1.740500e+03; 7.472500e+02; 1.524500e+03; 1.470000e+03; 4.195000e+02; 1.200750e+03; 6.670000e+02; 9.860000e+02; 
1.004000e+03; 1.990750e+03; 1.194667e+03; 2.467250e+03; 1.639500e+03; 0.000000e+00; 2.665000e+02; 7.767500e+02; 2.022167e+03; 9.482500e+02; 6.372500e+02; 1.151833e+03; 7.552500e+02; 1.658333e+02; 1.077500e+02; 9.175000e+02; 2.017500e+02; 4.647500e+02; 1.379750e+03; 5.260000e+02; 1.482500e+03; 2.448000e+03; 
7.490000e+02; 1.840250e+03; 9.700000e+02; 2.370500e+03; 1.531000e+03; 2.665000e+02; 0.000000e+00; 5.205000e+02; 1.953333e+03; 7.985000e+02; 5.285000e+02; 1.031167e+03; 5.512500e+02; 4.191667e+02; 3.272500e+02; 8.565000e+02; 1.020000e+02; 2.015000e+02; 1.329250e+03; 3.427500e+02; 1.287250e+03; 2.404500e+03; 
2.532500e+02; 1.503000e+03; 5.165000e+02; 2.121000e+03; 1.299500e+03; 7.767500e+02; 5.205000e+02; 0.000000e+00; 1.777167e+03; 5.917500e+02; 5.397500e+02; 8.353333e+02; 3.092500e+02; 9.283333e+02; 8.452500e+02; 8.370000e+02; 5.860000e+02; 3.312500e+02; 1.241250e+03; 3.777500e+02; 8.820000e+02; 2.260000e+03; 
1.747833e+03; 7.008333e+02; 1.430889e+03; 5.243333e+02; 5.148333e+02; 2.022167e+03; 1.953333e+03; 1.777167e+03; 0.000000e+00; 1.211833e+03; 1.444000e+03; 9.656667e+02; 1.518167e+03; 2.084111e+03; 2.121000e+03; 1.116167e+03; 1.934833e+03; 1.918333e+03; 6.703333e+02; 1.638000e+03; 1.143333e+03; 5.231667e+02; 
6.260000e+02; 1.047500e+03; 4.665000e+02; 1.587500e+03; 7.500000e+02; 9.482500e+02; 7.985000e+02; 5.917500e+02; 1.211833e+03; 0.000000e+00; 3.350000e+02; 2.741667e+02; 3.280000e+02; 1.061333e+03; 1.047750e+03; 3.500000e+02; 8.045000e+02; 7.270000e+02; 6.655000e+02; 4.657500e+02; 5.825000e+02; 1.685000e+03; 
6.795000e+02; 1.365000e+03; 6.865000e+02; 1.861000e+03; 1.026250e+03; 6.372500e+02; 5.285000e+02; 5.397500e+02; 1.444000e+03; 3.350000e+02; 0.000000e+00; 5.371667e+02; 2.892500e+02; 7.425000e+02; 7.367500e+02; 3.707500e+02; 5.157500e+02; 5.202500e+02; 8.287500e+02; 2.440000e+02; 8.950000e+02; 1.895500e+03; 
8.421667e+02; 8.526667e+02; 5.993333e+02; 1.345833e+03; 5.101667e+02; 1.151833e+03; 1.031167e+03; 8.353333e+02; 9.656667e+02; 2.741667e+02; 5.371667e+02; 0.000000e+00; 5.725000e+02; 1.248778e+03; 1.252667e+03; 3.440000e+02; 1.027667e+03; 9.743333e+02; 4.476667e+02; 7.030000e+02; 5.403333e+02; 1.436167e+03; 
4.052500e+02; 1.310250e+03; 4.570000e+02; 1.886750e+03; 1.052750e+03; 7.552500e+02; 5.512500e+02; 3.092500e+02; 1.518167e+03; 3.280000e+02; 2.892500e+02; 5.725000e+02; 0.000000e+00; 8.916667e+02; 8.457500e+02; 5.555000e+02; 5.802500e+02; 4.422500e+02; 9.607500e+02; 2.462500e+02; 7.480000e+02; 1.993500e+03; 
1.155500e+03; 2.094500e+03; 1.334889e+03; 2.541833e+03; 1.724667e+03; 1.658333e+02; 4.191667e+02; 9.283333e+02; 2.084111e+03; 1.061333e+03; 7.425000e+02; 1.248778e+03; 8.916667e+02; 0.000000e+00; 1.400000e+02; 9.913333e+02; 3.511667e+02; 6.180000e+02; 1.437500e+03; 6.610000e+02; 1.609833e+03; 2.493833e+03; 
1.073750e+03; 2.091500e+03; 1.281167e+03; 2.568250e+03; 1.740500e+03; 1.077500e+02; 3.272500e+02; 8.452500e+02; 2.121000e+03; 1.047750e+03; 7.367500e+02; 1.252667e+03; 8.457500e+02; 1.400000e+02; 0.000000e+00; 1.017750e+03; 2.727500e+02; 5.237500e+02; 1.477500e+03; 6.175000e+02; 1.576750e+03; 2.544500e+03; 
9.255000e+02; 1.151500e+03; 7.958333e+02; 1.556750e+03; 7.472500e+02; 9.175000e+02; 8.565000e+02; 8.370000e+02; 1.116167e+03; 3.500000e+02; 3.707500e+02; 3.440000e+02; 5.555000e+02; 9.913333e+02; 1.017750e+03; 0.000000e+00; 8.310000e+02; 8.597500e+02; 4.805000e+02; 5.692500e+02; 8.470000e+02; 1.550500e+03; 
8.130000e+02; 1.850250e+03; 1.012667e+03; 2.361750e+03; 1.524500e+03; 2.017500e+02; 1.020000e+02; 5.860000e+02; 1.934833e+03; 8.045000e+02; 5.157500e+02; 1.027667e+03; 5.802500e+02; 3.511667e+02; 2.727500e+02; 8.310000e+02; 0.000000e+00; 2.807500e+02; 1.303250e+03; 3.587500e+02; 1.315500e+03; 2.378750e+03; 
5.590000e+02; 1.740000e+03; 8.123333e+02; 2.309000e+03; 1.470000e+03; 4.647500e+02; 2.015000e+02; 3.312500e+02; 1.918333e+03; 7.270000e+02; 5.202500e+02; 9.743333e+02; 4.422500e+02; 6.180000e+02; 5.237500e+02; 8.597500e+02; 2.807500e+02; 0.000000e+00; 1.321000e+03; 2.987500e+02; 1.153250e+03; 2.384750e+03; 
1.271750e+03; 8.842500e+02; 1.026333e+03; 1.125250e+03; 4.195000e+02; 1.379750e+03; 1.329250e+03; 1.241250e+03; 6.703333e+02; 6.655000e+02; 8.287500e+02; 4.476667e+02; 9.607500e+02; 1.437500e+03; 1.477500e+03; 4.805000e+02; 1.303250e+03; 1.321000e+03; 0.000000e+00; 1.032000e+03; 8.845000e+02; 1.082750e+03; 
5.662500e+02; 1.504500e+03; 6.876667e+02; 2.041250e+03; 1.200750e+03; 5.260000e+02; 3.427500e+02; 3.777500e+02; 1.638000e+03; 4.657500e+02; 2.440000e+02; 7.030000e+02; 2.462500e+02; 6.610000e+02; 6.175000e+02; 5.692500e+02; 3.587500e+02; 2.987500e+02; 1.032000e+03; 0.000000e+00; 9.700000e+02; 2.098750e+03; 
7.540000e+02; 6.977500e+02; 4.300000e+02; 1.360000e+03; 6.670000e+02; 1.482500e+03; 1.287250e+03; 8.820000e+02; 1.143333e+03; 5.825000e+02; 8.950000e+02; 5.403333e+02; 7.480000e+02; 1.609833e+03; 1.576750e+03; 8.470000e+02; 1.315500e+03; 1.153250e+03; 8.845000e+02; 9.700000e+02; 0.000000e+00; 1.620250e+03; 
2.236500e+03; 1.089500e+03; 1.918167e+03; 5.122500e+02; 9.860000e+02; 2.448000e+03; 2.404500e+03; 2.260000e+03; 5.231667e+02; 1.685000e+03; 1.895500e+03; 1.436167e+03; 1.993500e+03; 2.493833e+03; 2.544500e+03; 1.550500e+03; 2.378750e+03; 2.384750e+03; 1.082750e+03; 2.098750e+03; 1.620250e+03; 0.000000e+00; 
Recursion step 2:
Costs:
0.000000e+00; 1.364062e+03; 6.324167e+02; 2.031875e+03; 9.639306e+02; 5.931250e+02; 7.238125e+02; 4.796250e+02; 1.068875e+03; 
1.364062e+03; 0.000000e+00; 8.375208e+02; 8.098194e+02; 1.880236e+03; 1.659333e+03; 7.900833e+02; 1.243250e+03; 8.006250e+02; 
6.324167e+02; 8.375208e+02; 0.000000e+00; 1.529440e+03; 1.413301e+03; 1.091833e+03; 5.471667e+02; 7.406944e+02; 8.884167e+02; 
2.031875e+03; 8.098194e+02; 1.529440e+03; 0.000000e+00; 2.365660e+03; 2.223972e+03; 1.372000e+03; 1.819657e+03; 1.183625e+03; 
9.639306e+02; 1.880236e+03; 1.413301e+03; 2.365660e+03; 0.000000e+00; 3.827870e+02; 1.118435e+03; 7.126296e+02; 1.203556e+03; 
5.931250e+02; 1.659333e+03; 1.091833e+03; 2.223972e+03; 3.827870e+02; 0.000000e+00; 8.938611e+02; 4.598333e+02; 1.083458e+03; 
