Recursion step 0:
Costs:
0.000000e+00; 6.660000e+02; 2.810000e+02; 3.950000e+02; 2.910000e+02; 3.260000e+02; 6.400000e+02; 4.260000e+02; 6.000000e+02; 5.610000e+02; 1.040000e+03; 6.550000e+02; 9.750000e+02; 1.120000e+03; 2.990000e+02; 2.600000e+02; 4.290000e+02; 1.610000e+02; 3.050000e+02; 2.100000e+02; 2.860000e+02; 4.600000e+01; 1.810000e+02; 2.740000e+02; 4.100000e+02; 7.280000e+02; 7.980000e+02; 7.070000e+02; 4.060000e+02; 3.600000e+02; 1.460000e+02; 9.000000e+01; 8.270000e+02; 1.350000e+02; 1.210000e+02; 1.250000e+02; 2.070000e+02; 2.400000e+02; 1.660000e+02; 2.080000e+02; 3.950000e+02; 5.650000e+02; 4.630000e+02; 1.540000e+02; 2.400000e+02; 2.790000e+02; 7.910000e+02; 2.670000e+02; 6.400000e+01; 2.170000e+02; 7.890000e+02; 1.220000e+03; 
6.660000e+02; 0.000000e+00; 6.490000e+02; 1.047000e+03; 9.450000e+02; 9.780000e+02; 4.500000e+01; 9.560000e+02; 1.134000e+03; 1.132000e+03; 1.638000e+03; 1.258000e+03; 1.440000e+03; 1.515000e+03; 9.570000e+02; 7.240000e+02; 4.940000e+02; 5.950000e+02; 8.430000e+02; 5.640000e+02; 3.920000e+02; 6.360000e+02; 5.090000e+02; 9.210000e+02; 1.028000e+03; 1.191000e+03; 1.301000e+03; 1.243000e+03; 6.350000e+02; 3.900000e+02; 5.410000e+02; 7.300000e+02; 1.488000e+03; 7.820000e+02; 7.760000e+02; 7.850000e+02; 8.570000e+02; 8.960000e+02; 8.270000e+02; 8.690000e+02; 8.960000e+02; 1.020000e+02; 1.123000e+03; 7.440000e+02; 8.230000e+02; 8.590000e+02; 1.151000e+03; 9.100000e+02; 7.280000e+02; 5.960000e+02; 1.421000e+03; 1.716000e+03; 
2.810000e+02; 6.490000e+02; 0.000000e+00; 6.030000e+02; 5.080000e+02; 5.420000e+02; 6.100000e+02; 3.080000e+02; 4.850000e+02; 4.870000e+02; 1.266000e+03; 8.910000e+02; 1.247000e+03; 1.399000e+03; 5.040000e+02; 5.370000e+02; 2.170000e+02; 1.340000e+02; 2.070000e+02; 4.400000e+02; 2.880000e+02; 2.400000e+02; 3.610000e+02; 5.050000e+02; 6.520000e+02; 1.005000e+03; 1.067000e+03; 9.700000e+02; 6.510000e+02; 5.040000e+02; 2.080000e+02; 2.450000e+02; 9.030000e+02; 3.930000e+02; 3.730000e+02; 3.670000e+02; 4.470000e+02; 4.620000e+02; 3.920000e+02; 4.260000e+02; 2.460000e+02; 5.500000e+02; 5.560000e+02; 4.340000e+02; 2.190000e+02; 5.520000e+02; 1.072000e+03; 5.040000e+02; 2.880000e+02; 4.630000e+02; 9.950000e+02; 1.483000e+03; 
3.950000e+02; 1.047000e+03; 6.030000e+02; 0.000000e+00; 1.040000e+02; 6.900000e+01; 1.026000e+03; 5.250000e+02; 6.110000e+02; 5.330000e+02; 6.630000e+02; 2.940000e+02; 7.110000e+02; 8.970000e+02; 1.000000e+02; 3.840000e+02; 8.000000e+02; 5.320000e+02; 4.740000e+02; 5.000000e+02; 6.810000e+02; 4.360000e+02; 5.370000e+02; 1.250000e+02; 1.090000e+02; 5.160000e+02; 5.260000e+02; 4.170000e+02; 5.790000e+02; 6.890000e+02; 5.400000e+02; 3.700000e+02; 5.170000e+02; 2.660000e+02; 2.750000e+02; 2.700000e+02; 1.900000e+02; 1.550000e+02; 2.300000e+02; 1.880000e+02; 5.440000e+02; 9.500000e+02; 2.450000e+02; 3.070000e+02; 4.110000e+02; 2.300000e+02; 6.590000e+02; 1.370000e+02; 3.450000e+02; 4.770000e+02; 3.970000e+02; 9.080000e+02; 
2.910000e+02; 9.450000e+02; 5.080000e+02; 1.040000e+02; 0.000000e+00; 3.500000e+01; 9.230000e+02; 4.700000e+02; 5.830000e+02; 5.130000e+02; 7.600000e+02; 3.820000e+02; 7.690000e+02; 9.440000e+02; 2.500000e+01; 3.090000e+02; 7.000000e+02; 4.300000e+02; 4.000000e+02; 4.060000e+02; 5.770000e+02; 3.320000e+02; 4.360000e+02; 3.100000e+01; 1.500000e+02; 5.520000e+02; 5.840000e+02; 4.780000e+02; 5.090000e+02; 5.940000e+02; 4.360000e+02; 2.700000e+02; 5.890000e+02; 1.630000e+02; 1.700000e+02; 1.660000e+02; 8.700000e+01; 5.000000e+01; 1.260000e+02; 8.500000e+01; 4.790000e+02; 8.470000e+02; 2.660000e+02; 2.120000e+02; 3.310000e+02; 1.700000e+02; 6.730000e+02; 4.700000e+01; 2.410000e+02; 3.860000e+02; 4.990000e+02; 9.840000e+02; 
3.260000e+02; 9.780000e+02; 5.420000e+02; 6.900000e+01; 3.500000e+01; 0.000000e+00; 9.570000e+02; 4.910000e+02; 5.960000e+02; 5.230000e+02; 7.260000e+02; 3.490000e+02; 7.440000e+02; 9.220000e+02; 4.000000e+01; 3.280000e+02; 7.350000e+02; 4.650000e+02; 4.270000e+02; 4.350000e+02; 6.110000e+02; 3.670000e+02; 4.690000e+02; 5.700000e+01; 1.240000e+02; 5.330000e+02; 5.590000e+02; 4.520000e+02; 5.280000e+02; 6.230000e+02; 4.710000e+02; 3.050000e+02; 5.680000e+02; 1.960000e+02; 2.050000e+02; 2.010000e+02; 1.200000e+02; 8.600000e+01; 1.610000e+02; 1.200000e+02; 5.040000e+02; 8.810000e+02; 2.600000e+02; 2.400000e+02; 3.600000e+02; 1.820000e+02; 6.610000e+02; 7.000000e+01; 2.770000e+02; 4.130000e+02; 4.640000e+02; 9.540000e+02; 
6.400000e+02; 4.500000e+01; 6.100000e+02; 1.026000e+03; 9.230000e+02; 9.570000e+02; 0.000000e+00; 9.180000e+02; 1.095000e+03; 1.095000e+03; 1.627000e+03; 1.245000e+03; 1.440000e+03; 1.521000e+03; 9.350000e+02; 7.130000e+02; 4.510000e+02; 5.620000e+02; 8.070000e+02; 5.510000e+02; 3.610000e+02; 6.090000e+02; 4.910000e+02; 9.010000e+02; 1.012000e+03; 1.190000e+03; 1.297000e+03; 1.236000e+03; 6.360000e+02; 3.850000e+02; 5.110000e+02; 7.010000e+02; 1.459000e+03; 7.600000e+02; 7.540000e+02; 7.610000e+02; 8.360000e+02; 8.740000e+02; 8.040000e+02; 8.460000e+02; 8.570000e+02; 7.600000e+01; 1.094000e+03; 7.260000e+02; 7.890000e+02; 8.440000e+02; 1.156000e+03; 8.900000e+02; 7.010000e+02; 5.840000e+02; 1.405000e+03; 1.715000e+03; 
4.260000e+02; 9.560000e+02; 3.080000e+02; 5.250000e+02; 4.700000e+02; 4.910000e+02; 9.180000e+02; 0.000000e+00; 1.830000e+02; 1.800000e+02; 1.144000e+03; 8.120000e+02; 1.234000e+03; 1.414000e+03; 4.520000e+02; 6.600000e+02; 5.060000e+02; 3.810000e+02; 1.250000e+02; 6.350000e+02; 5.800000e+02; 4.150000e+02; 5.860000e+02; 4.860000e+02; 6.150000e+02; 1.022000e+03; 1.049000e+03; 9.410000e+02; 8.310000e+02; 7.580000e+02; 4.570000e+02; 3.380000e+02; 6.450000e+02; 4.550000e+02; 4.350000e+02; 4.210000e+02; 4.600000e+02; 4.460000e+02; 4.130000e+02; 4.210000e+02; 6.400000e+01; 8.550000e+02; 3.590000e+02; 5.290000e+02; 1.870000e+02; 5.980000e+02; 1.135000e+03; 4.950000e+02; 3.830000e+02; 6.430000e+02; 8.600000e+02; 1.430000e+03; 
6.000000e+02; 1.134000e+03; 4.850000e+02; 6.110000e+02; 5.830000e+02; 5.960000e+02; 1.095000e+03; 1.830000e+02; 0.000000e+00; 8.300000e+01; 1.165000e+03; 8.730000e+02; 1.316000e+03; 1.507000e+03; 5.610000e+02; 8.170000e+02; 6.700000e+02; 5.640000e+02; 3.080000e+02; 8.100000e+02; 7.630000e+02; 5.930000e+02; 7.660000e+02; 6.060000e+02; 7.140000e+02; 1.126000e+03; 1.134000e+03; 1.024000e+03; 9.980000e+02; 9.400000e+02; 6.400000e+02; 5.100000e+02; 5.700000e+02; 6.060000e+02; 5.890000e+02; 5.740000e+02; 5.960000e+02; 5.710000e+02; 5.570000e+02; 5.550000e+02; 2.390000e+02; 1.035000e+03; 3.890000e+02; 6.850000e+02; 3.600000e+02; 7.330000e+02; 1.257000e+03; 6.170000e+02; 5.500000e+02; 8.150000e+02; 8.830000e+02; 1.486000e+03; 
5.610000e+02; 1.132000e+03; 4.870000e+02; 5.330000e+02; 5.130000e+02; 5.230000e+02; 1.095000e+03; 1.800000e+02; 8.300000e+01; 0.000000e+00; 1.082000e+03; 7.920000e+02; 1.236000e+03; 1.428000e+03; 4.900000e+02; 7.630000e+02; 6.860000e+02; 5.470000e+02; 2.900000e+02; 7.700000e+02; 7.510000e+02; 5.600000e+02; 7.340000e+02; 5.370000e+02; 6.380000e+02; 1.049000e+03; 1.055000e+03; 9.440000e+02; 9.500000e+02; 9.120000e+02; 6.190000e+02; 4.710000e+02; 5.000000e+02; 5.520000e+02; 5.360000e+02; 5.210000e+02; 5.330000e+02; 5.060000e+02; 4.990000e+02; 4.920000e+02; 2.430000e+02; 1.031000e+03; 3.070000e+02; 6.310000e+02; 3.290000e+02; 6.690000e+02; 1.185000e+03; 5.500000e+02; 5.070000e+02; 7.710000e+02; 8.000000e+02; 1.404000e+03; 
1.040000e+03; 1.638000e+03; 1.266000e+03; 6.630000e+02; 7.600000e+02; 7.260000e+02; 1.627000e+03; 1.144000e+03; 1.165000e+03; 1.082000e+03; 0.000000e+00; 3.870000e+02; 4.420000e+02; 6.190000e+02; 7.620000e+02; 9.140000e+02; 1.460000e+03; 1.190000e+03; 1.124000e+03; 1.075000e+03; 1.314000e+03; 1.085000e+03; 1.143000e+03; 7.700000e+02; 6.310000e+02; 5.410000e+02; 4.170000e+02; 4.170000e+02; 1.042000e+03; 1.250000e+03; 1.186000e+03; 1.030000e+03; 7.060000e+02; 9.050000e+02; 9.200000e+02; 9.200000e+02; 8.350000e+02; 8.100000e+02; 8.850000e+02; 8.450000e+02; 1.180000e+03; 1.552000e+03; 7.890000e+02; 9.120000e+02; 1.067000e+03; 7.860000e+02; 7.050000e+02; 7.750000e+02; 1.000000e+03; 1.042000e+03; 2.850000e+02; 3.980000e+02; 
6.550000e+02; 1.258000e+03; 8.910000e+02; 2.940000e+02; 3.820000e+02; 3.490000e+02; 1.245000e+03; 8.120000e+02; 8.730000e+02; 7.920000e+02; 3.870000e+02; 0.000000e+00; 4.520000e+02; 6.530000e+02; 3.880000e+02; 5.370000e+02; 1.078000e+03; 8.060000e+02; 7.680000e+02; 6.940000e+02; 9.270000e+02; 7.000000e+02; 7.580000e+02; 3.870000e+02; 2.450000e+02; 3.350000e+02; 2.830000e+02; 1.820000e+02; 6.880000e+02; 8.740000e+02; 8.000000e+02; 6.500000e+02; 5.840000e+02; 5.200000e+02; 5.350000e+02; 5.350000e+02; 4.500000e+02; 4.290000e+02; 5.030000e+02; 4.650000e+02; 8.360000e+02; 1.169000e+03; 4.840000e+02; 5.260000e+02; 7.050000e+02; 4.010000e+02; 5.170000e+02; 3.910000e+02; 6.160000e+02; 6.620000e+02; 1.880000e+02; 6.180000e+02; 
9.750000e+02; 1.440000e+03; 1.247000e+03; 7.110000e+02; 7.690000e+02; 7.440000e+02; 1.440000e+03; 1.234000e+03; 1.316000e+03; 1.236000e+03; 4.420000e+02; 4.520000e+02; 0.000000e+00; 2.050000e+02; 7.840000e+02; 7.590000e+02; 1.399000e+03; 1.136000e+03; 1.169000e+03; 9.190000e+02; 1.194000e+03; 1.020000e+03; 1.008000e+03; 7.590000e+02; 6.200000e+02; 2.540000e+02; 1.850000e+02; 2.930000e+02; 8.050000e+02; 1.056000e+03; 1.103000e+03; 1.004000e+03; 1.010000e+03; 8.540000e+02; 8.740000e+02; 8.810000e+02; 8.060000e+02; 8.040000e+02; 8.620000e+02; 8.360000e+02; 1.248000e+03; 1.371000e+03; 9.300000e+02; 8.210000e+02; 1.098000e+03; 6.960000e+02; 3.240000e+02; 7.550000e+02; 9.590000e+02; 8.840000e+02; 5.390000e+02; 2.780000e+02; 
1.120000e+03; 1.515000e+03; 1.399000e+03; 8.970000e+02; 9.440000e+02; 9.220000e+02; 1.521000e+03; 1.414000e+03; 1.507000e+03; 1.428000e+03; 6.190000e+02; 6.530000e+02; 2.050000e+02; 0.000000e+00; 9.610000e+02; 8.830000e+02; 1.534000e+03; 1.280000e+03; 1.340000e+03; 1.034000e+03; 1.313000e+03; 1.164000e+03; 1.127000e+03; 9.310000e+02; 7.990000e+02; 3.960000e+02; 3.740000e+02; 4.840000e+02; 8.870000e+02; 1.146000e+03; 1.238000e+03; 1.160000e+03; 1.215000e+03; 1.009000e+03; 1.030000e+03; 1.039000e+03; 9.710000e+02; 9.740000e+02; 1.026000e+03; 1.004000e+03; 1.423000e+03; 1.457000e+03; 1.125000e+03; 9.660000e+02; 1.267000e+03; 8.480000e+02; 3.640000e+02; 9.250000e+02; 1.113000e+03; 1.000000e+03; 7.440000e+02; 3.180000e+02; 
2.990000e+02; 9.570000e+02; 5.040000e+02; 1.000000e+02; 2.500000e+01; 4.000000e+01; 9.350000e+02; 4.520000e+02; 5.610000e+02; 4.900000e+02; 7.620000e+02; 3.880000e+02; 7.840000e+02; 9.610000e+02; 0.000000e+00; 3.320000e+02; 7.000000e+02; 4.320000e+02; 3.870000e+02; 4.240000e+02; 5.850000e+02; 3.380000e+02; 4.510000e+02; 5.500000e+01; 1.640000e+02; 5.710000e+02; 5.990000e+02; 4.920000e+02; 5.330000e+02; 6.110000e+02; 4.430000e+02; 2.700000e+02; 5.680000e+02; 1.760000e+02; 1.810000e+02; 1.740000e+02; 1.020000e+02; 6.100000e+01; 1.320000e+02; 9.000000e+01; 4.640000e+02; 8.590000e+02; 2.410000e+02; 2.310000e+02; 3.190000e+02; 1.950000e+02; 6.950000e+02; 7.100000e+01; 2.460000e+02; 4.060000e+02; 4.970000e+02; 9.950000e+02; 
2.600000e+02; 7.240000e+02; 5.370000e+02; 3.840000e+02; 3.090000e+02; 3.280000e+02; 7.130000e+02; 6.600000e+02; 8.170000e+02; 7.630000e+02; 9.140000e+02; 5.370000e+02; 7.590000e+02; 8.830000e+02; 3.320000e+02; 0.000000e+00; 6.500000e+02; 4.070000e+02; 5.480000e+02; 1.650000e+02; 4.350000e+02; 2.970000e+02; 2.490000e+02; 2.770000e+02; 3.260000e+02; 5.050000e+02; 5.970000e+02; 5.250000e+02; 2.000000e+02; 3.370000e+02; 3.560000e+02; 3.300000e+02; 8.970000e+02; 2.110000e+02; 2.280000e+02; 2.430000e+02; 2.440000e+02; 2.830000e+02; 2.650000e+02; 2.820000e+02; 6.400000e+02; 6.390000e+02; 5.700000e+02; 1.320000e+02; 4.760000e+02; 1.550000e+02; 5.390000e+02; 2.610000e+02; 2.810000e+02; 1.300000e+02; 7.100000e+02; 1.022000e+03; 
4.290000e+02; 4.940000e+02; 2.170000e+02; 8.000000e+02; 7.000000e+02; 7.350000e+02; 4.510000e+02; 5.060000e+02; 6.700000e+02; 6.860000e+02; 1.460000e+03; 1.078000e+03; 1.399000e+03; 1.534000e+03; 7.000000e+02; 6.500000e+02; 0.000000e+00; 2.710000e+02; 4.210000e+02; 5.120000e+02; 2.530000e+02; 3.830000e+02; 4.180000e+02; 6.910000e+02; 8.340000e+02; 1.149000e+03; 1.226000e+03; 1.136000e+03; 7.070000e+02; 4.920000e+02; 2.960000e+02; 4.300000e+02; 1.120000e+03; 5.610000e+02; 5.440000e+02; 5.420000e+02; 6.270000e+02; 6.500000e+02; 5.750000e+02; 6.150000e+02; 4.420000e+02; 4.080000e+02; 7.730000e+02; 5.790000e+02; 4.360000e+02; 7.080000e+02; 1.187000e+03; 6.870000e+02; 4.610000e+02; 5.430000e+02; 1.196000e+03; 1.649000e+03; 
1.610000e+02; 5.950000e+02; 1.340000e+02; 5.320000e+02; 4.300000e+02; 4.650000e+02; 5.620000e+02; 3.810000e+02; 5.640000e+02; 5.470000e+02; 1.190000e+03; 8.060000e+02; 1.136000e+03; 1.280000e+03; 4.320000e+02; 4.070000e+02; 2.710000e+02; 0.000000e+00; 2.580000e+02; 3.060000e+02; 2.050000e+02; 1.160000e+02; 2.290000e+02; 4.200000e+02; 5.620000e+02; 8.900000e+02; 9.590000e+02; 8.670000e+02; 5.160000e+02; 3.850000e+02; 8.000000e+01; 1.620000e+02; 9.030000e+02; 2.900000e+02; 2.720000e+02; 2.710000e+02; 3.550000e+02; 3.800000e+02; 3.050000e+02; 3.450000e+02; 3.300000e+02; 4.920000e+02; 5.410000e+02; 3.150000e+02; 2.280000e+02; 4.410000e+02; 9.460000e+02; 4.150000e+02; 1.900000e+02; 3.280000e+02; 9.290000e+02; 1.381000e+03; 
3.050000e+02; 8.430000e+02; 2.070000e+02; 4.740000e+02; 4.000000e+02; 4.270000e+02; 8.070000e+02; 1.250000e+02; 3.080000e+02; 2.900000e+02; 1.124000e+03; 7.680000e+02; 1.169000e+03; 1.340000e+03; 3.870000e+02; 5.480000e+02; 4.210000e+02; 2.580000e+02; 0.000000e+00; 5.120000e+02; 4.600000e+02; 2.900000e+02; 4.600000e+02; 4.100000e+02; 5.500000e+02; 9.450000e+02; 9.840000e+02; 8.790000e+02; 7.110000e+02; 6.320000e+02; 3.320000e+02; 2.190000e+02; 7.000000e+02; 3.500000e+02; 3.300000e+02; 3.170000e+02; 3.710000e+02; 3.660000e+02; 3.180000e+02; 3.360000e+02; 9.100000e+01; 7.410000e+02; 3.670000e+02; 4.200000e+02; 7.500000e+01; 5.040000e+02; 1.044000e+03; 4.150000e+02; 2.670000e+02; 5.210000e+02; 8.430000e+02; 1.381000e+03; 
2.100000e+02; 5.640000e+02; 4.400000e+02; 5.000000e+02; 4.060000e+02; 4.350000e+02; 5.510000e+02; 6.350000e+02; 8.100000e+02; 7.700000e+02; 1.075000e+03; 6.940000e+02; 9.190000e+02; 1.034000e+03; 4.240000e+02; 1.650000e+02; 5.120000e+02; 3.060000e+02; 5.120000e+02; 0.000000e+00; 2.780000e+02; 2.230000e+02; 9.400000e+01; 3.780000e+02; 4.670000e+02; 6.650000e+02; 7.610000e+02; 6.900000e+02; 2.100000e+02; 1.890000e+02; 2.360000e+02; 3.000000e+02; 9.900000e+02; 2.560000e+02; 2.610000e+02; 2.750000e+02; 3.220000e+02; 3.650000e+02; 3.130000e+02; 3.480000e+02; 6.010000e+02; 4.760000e+02; 6.380000e+02; 1.940000e+02; 4.500000e+02; 2.950000e+02; 6.790000e+02; 3.640000e+02; 2.630000e+02; 3.500000e+01; 8.590000e+02; 1.186000e+03; 
2.860000e+02; 3.920000e+02; 2.880000e+02; 6.810000e+02; 5.770000e+02; 6.110000e+02; 3.610000e+02; 5.800000e+02; 7.630000e+02; 7.510000e+02; 1.314000e+03; 9.270000e+02; 1.194000e+03; 1.313000e+03; 5.850000e+02; 4.350000e+02; 2.530000e+02; 2.050000e+02; 4.600000e+02; 2.780000e+02; 0.000000e+00; 2.500000e+02; 1.860000e+02; 5.580000e+02; 6.840000e+02; 9.410000e+02; 1.030000e+03; 9.520000e+02; 4.590000e+02; 2.410000e+02; 1.500000e+02; 3.400000e+02; 1.097000e+03; 4.160000e+02; 4.060000e+02; 4.110000e+02; 4.910000e+02; 5.260000e+02; 4.530000e+02; 4.950000e+02; 5.250000e+02; 2.890000e+02; 7.330000e+02; 4.010000e+02; 4.330000e+02; 5.300000e+02; 9.570000e+02; 5.490000e+02; 3.440000e+02; 3.130000e+02; 1.072000e+03; 1.456000e+03; 
4.600000e+01; 6.360000e+02; 2.400000e+02; 4.360000e+02; 3.320000e+02; 3.670000e+02; 6.090000e+02; 4.150000e+02; 5.930000e+02; 5.600000e+02; 1.085000e+03; 7.000000e+02; 1.020000e+03; 1.164000e+03; 3.380000e+02; 2.970000e+02; 3.830000e+02; 1.160000e+02; 2.900000e+02; 2.230000e+02; 2.500000e+02; 0.000000e+00; 1.740000e+02; 3.170000e+02; 4.550000e+02; 7.730000e+02; 8.440000e+02; 7.530000e+02; 4.280000e+02; 3.520000e+02; 1.040000e+02; 9.700000e+01; 8.520000e+02; 1.800000e+02; 1.650000e+02; 1.660000e+02; 2.510000e+02; 2.810000e+02; 2.060000e+02; 2.480000e+02; 3.770000e+02; 5.350000e+02; 4.880000e+02; 1.990000e+02; 2.320000e+02; 3.250000e+02; 8.320000e+02; 3.110000e+02; 9.300000e+01; 2.370000e+02; 8.310000e+02; 1.266000e+03; 
1.810000e+02; 5.090000e+02; 3.610000e+02; 5.370000e+02; 4.360000e+02; 4.690000e+02; 4.910000e+02; 5.860000e+02; 7.660000e+02; 7.340000e+02; 1.143000e+03; 7.580000e+02; 1.008000e+03; 1.127000e+03; 4.510000e+02; 2.490000e+02; 4.180000e+02; 2.290000e+02; 4.600000e+02; 9.400000e+01; 1.860000e+02; 1.740000e+02; 0.000000e+00; 4.120000e+02; 5.210000e+02; 7.540000e+02; 8.450000e+02; 7.700000e+02; 2.960000e+02; 1.790000e+02; 1.520000e+02; 2.670000e+02; 1.001000e+03; 2.750000e+02; 2.720000e+02; 2.820000e+02; 3.490000e+02; 3.900000e+02; 3.250000e+02; 3.650000e+02; 5.450000e+02; 4.150000e+02; 6.410000e+02; 2.350000e+02; 4.060000e+02; 3.560000e+02; 7.730000e+02; 4.000000e+02; 2.440000e+02; 1.270000e+02; 9.140000e+02; 1.271000e+03; 
2.740000e+02; 9.210000e+02; 5.050000e+02; 1.250000e+02; 3.100000e+01; 5.700000e+01; 9.010000e+02; 4.860000e+02; 6.060000e+02; 5.370000e+02; 7.700000e+02; 3.870000e+02; 7.590000e+02; 9.310000e+02; 5.500000e+01; 2.770000e+02; 6.910000e+02; 4.200000e+02; 4.100000e+02; 3.780000e+02; 5.580000e+02; 3.170000e+02; 4.120000e+02; 0.000000e+00; 1.470000e+02; 5.370000e+02; 5.750000e+02; 4.720000e+02; 4.780000e+02; 5.660000e+02; 4.200000e+02; 2.630000e+02; 6.200000e+02; 1.420000e+02; 1.520000e+02; 1.500000e+02; 6.600000e+01; 4.400000e+01; 1.150000e+02; 7.900000e+01; 4.910000e+02; 8.250000e+02; 2.970000e+02; 1.830000e+02; 3.380000e+02; 1.400000e+02; 6.520000e+02; 1.500000e+01; 2.300000e+02; 3.570000e+02; 5.140000e+02; 9.810000e+02; 
4.100000e+02; 1.028000e+03; 6.520000e+02; 1.090000e+02; 1.500000e+02; 1.240000e+02; 1.012000e+03; 6.150000e+02; 7.140000e+02; 6.380000e+02; 6.310000e+02; 2.450000e+02; 6.200000e+02; 7.990000e+02; 1.640000e+02; 3.260000e+02; 8.340000e+02; 5.620000e+02; 5.500000e+02; 4.670000e+02; 6.840000e+02; 4.550000e+02; 5.210000e+02; 1.470000e+02; 0.000000e+00; 4.120000e+02; 4.350000e+02; 3.280000e+02; 5.090000e+02; 6.540000e+02; 5.550000e+02; 4.080000e+02; 6.050000e+02; 2.750000e+02; 2.900000e+02; 2.910000e+02; 2.070000e+02; 1.910000e+02; 2.600000e+02; 2.260000e+02; 6.280000e+02; 9.360000e+02; 3.540000e+02; 2.860000e+02; 4.810000e+02; 1.730000e+02; 5.500000e+02; 1.480000e+02; 3.720000e+02; 4.390000e+02; 3.920000e+02; 8.350000e+02; 
7.280000e+02; 1.191000e+03; 1.005000e+03; 5.160000e+02; 5.520000e+02; 5.330000e+02; 1.190000e+03; 1.022000e+03; 1.126000e+03; 1.049000e+03; 5.410000e+02; 3.350000e+02; 2.540000e+02; 3.960000e+02; 5.710000e+02; 5.050000e+02; 1.149000e+03; 8.900000e+02; 9.450000e+02; 6.650000e+02; 9.410000e+02; 7.730000e+02; 7.540000e+02; 5.370000e+02; 4.120000e+02; 0.000000e+00; 1.260000e+02; 1.580000e+02; 5.580000e+02; 8.050000e+02; 8.530000e+02; 7.650000e+02; 9.170000e+02; 6.140000e+02; 6.350000e+02; 6.430000e+02; 5.750000e+02; 5.800000e+02; 6.300000e+02; 6.090000e+02; 1.028000e+03; 1.120000e+03; 7.550000e+02; 5.740000e+02; 8.720000e+02; 4.530000e+02; 1.850000e+02; 5.300000e+02; 7.180000e+02; 6.300000e+02; 4.960000e+02; 5.250000e+02; 
7.980000e+02; 1.301000e+03; 1.067000e+03; 5.260000e+02; 5.840000e+02; 5.590000e+02; 1.297000e+03; 1.049000e+03; 1.134000e+03; 1.055000e+03; 4.170000e+02; 2.830000e+02; 1.850000e+02; 3.740000e+02; 5.990000e+02; 5.970000e+02; 1.226000e+03; 9.590000e+02; 9.840000e+02; 7.610000e+02; 1.030000e+03; 8.440000e+02; 8.450000e+02; 5.750000e+02; 4.350000e+02; 1.260000e+02; 0.000000e+00; 1.100000e+02; 6.730000e+02; 9.120000e+02; 9.310000e+02; 8.230000e+02; 8.610000e+02; 6.740000e+02; 6.930000e+02; 7.000000e+02; 6.240000e+02; 6.200000e+02; 6.800000e+02; 6.520000e+02; 1.063000e+03; 1.226000e+03; 7.510000e+02; 6.470000e+02; 9.130000e+02; 5.180000e+02; 2.910000e+02; 5.710000e+02; 7.790000e+02; 7.260000e+02; 4.100000e+02; 4.250000e+02; 
7.070000e+02; 1.243000e+03; 9.700000e+02; 4.170000e+02; 4.780000e+02; 4.520000e+02; 1.236000e+03; 9.410000e+02; 1.024000e+03; 9.440000e+02; 4.170000e+02; 1.820000e+02; 2.930000e+02; 4.840000e+02; 4.920000e+02; 5.250000e+02; 1.136000e+03; 8.670000e+02; 8.790000e+02; 6.900000e+02; 9.520000e+02; 7.530000e+02; 7.700000e+02; 4.720000e+02; 3.280000e+02; 1.580000e+02; 1.100000e+02; 0.000000e+00; 6.290000e+02; 8.530000e+02; 8.440000e+02; 7.250000e+02; 7.660000e+02; 5.780000e+02; 5.970000e+02; 6.020000e+02; 5.230000e+02; 5.160000e+02; 5.790000e+02; 5.500000e+02; 9.560000e+02; 1.163000e+03; 6.410000e+02; 5.590000e+02; 8.090000e+02; 4.280000e+02; 3.440000e+02; 4.690000e+02; 6.830000e+02; 6.560000e+02; 3.370000e+02; 5.130000e+02; 
4.060000e+02; 6.350000e+02; 6.510000e+02; 5.790000e+02; 5.090000e+02; 5.280000e+02; 6.360000e+02; 8.310000e+02; 9.980000e+02; 9.500000e+02; 1.042000e+03; 6.880000e+02; 8.050000e+02; 8.870000e+02; 5.330000e+02; 2.000000e+02; 7.070000e+02; 5.160000e+02; 7.110000e+02; 2.100000e+02; 4.590000e+02; 4.280000e+02; 2.960000e+02; 4.780000e+02; 5.090000e+02; 5.580000e+02; 6.730000e+02; 6.290000e+02; 0.000000e+00; 2.590000e+02; 4.450000e+02; 4.920000e+02; 1.095000e+03; 4.010000e+02; 4.150000e+02; 4.300000e+02; 4.430000e+02; 4.840000e+02; 4.580000e+02; 4.800000e+02; 8.010000e+02; 5.700000e+02; 7.700000e+02; 3.220000e+02; 6.430000e+02; 3.490000e+02; 5.220000e+02; 4.620000e+02; 4.480000e+02; 1.910000e+02; 8.710000e+02; 1.081000e+03; 
3.600000e+02; 3.900000e+02; 5.040000e+02; 6.890000e+02; 5.940000e+02; 6.230000e+02; 3.850000e+02; 7.580000e+02; 9.400000e+02; 9.120000e+02; 1.250000e+03; 8.740000e+02; 1.056000e+03; 1.146000e+03; 6.110000e+02; 3.370000e+02; 4.920000e+02; 3.850000e+02; 6.320000e+02; 1.890000e+02; 2.410000e+02; 3.520000e+02; 1.790000e+02; 5.660000e+02; 6.540000e+02; 8.050000e+02; 9.120000e+02; 8.530000e+02; 2.590000e+02; 0.000000e+00; 3.050000e+02; 4.460000e+02; 1.172000e+03; 4.390000e+02; 4.410000e+02; 4.530000e+02; 5.090000e+02; 5.510000e+02; 4.940000e+02; 5.310000e+02; 7.120000e+02; 3.150000e+02; 8.150000e+02; 3.820000e+02; 5.830000e+02; 4.810000e+02; 7.820000e+02; 5.530000e+02; 4.220000e+02; 2.150000e+02; 1.044000e+03; 1.330000e+03; 
1.460000e+02; 5.410000e+02; 2.080000e+02; 5.400000e+02; 4.360000e+02; 4.710000e+02; 5.110000e+02; 4.570000e+02; 6.400000e+02; 6.190000e+02; 1.186000e+03; 8.000000e+02; 1.103000e+03; 1.238000e+03; 4.430000e+02; 3.560000e+02; 2.960000e+02; 8.000000e+01; 3.320000e+02; 2.360000e+02; 1.500000e+02; 1.040000e+02; 1.520000e+02; 4.200000e+02; 5.550000e+02; 8.530000e+02; 9.310000e+02; 8.440000e+02; 4.450000e+02; 3.050000e+02; 0.000000e+00; 1.900000e+02; 9.480000e+02; 2.810000e+02; 2.680000e+02; 2.700000e+02; 3.540000e+02; 3.850000e+02; 3.100000e+02; 3.530000e+02; 4.080000e+02; 4.380000e+02; 5.830000e+02; 2.850000e+02; 2.920000e+02; 4.150000e+02; 8.950000e+02; 4.130000e+02; 1.970000e+02; 2.620000e+02; 9.350000e+02; 1.355000e+03; 
9.000000e+01; 7.300000e+02; 2.450000e+02; 3.700000e+02; 2.700000e+02; 3.050000e+02; 7.010000e+02; 3.380000e+02; 5.100000e+02; 4.710000e+02; 1.030000e+03; 6.500000e+02; 1.004000e+03; 1.160000e+03; 2.700000e+02; 3.300000e+02; 4.300000e+02; 1.620000e+02; 2.190000e+02; 3.000000e+02; 3.400000e+02; 9.700000e+01; 2.670000e+02; 2.630000e+02; 4.080000e+02; 7.650000e+02; 8.230000e+02; 7.250000e+02; 4.920000e+02; 4.460000e+02; 1.900000e+02; 0.000000e+00; 7.580000e+02; 1.510000e+02; 1.300000e+02; 1.220000e+02; 2.020000e+02; 2.200000e+02; 1.480000e+02; 1.850000e+02; 3.110000e+02; 6.280000e+02; 3.930000e+02; 2.070000e+02; 1.510000e+02; 3.120000e+02; 8.450000e+02; 2.600000e+02; 5.000000e+01; 3.050000e+02; 7.670000e+02; 1.238000e+03; 
8.270000e+02; 1.488000e+03; 9.030000e+02; 5.170000e+02; 5.890000e+02; 5.680000e+02; 1.459000e+03; 6.450000e+02; 5.700000e+02; 5.000000e+02; 7.060000e+02; 5.840000e+02; 1.010000e+03; 1.215000e+03; 5.680000e+02; 8.970000e+02; 1.120000e+03; 9.030000e+02; 7.000000e+02; 9.900000e+02; 1.097000e+03; 8.520000e+02; 1.001000e+03; 6.200000e+02; 6.050000e+02; 9.170000e+02; 8.610000e+02; 7.660000e+02; 1.095000e+03; 1.172000e+03; 9.480000e+02; 7.580000e+02; 0.000000e+00; 7.340000e+02; 7.310000e+02; 7.200000e+02; 6.680000e+02; 6.250000e+02; 6.780000e+02; 6.420000e+02; 7.040000e+02; 1.386000e+03; 3.650000e+02; 7.980000e+02; 6.870000e+02; 7.470000e+02; 1.095000e+03; 6.360000e+02; 7.630000e+02; 9.730000e+02; 4.740000e+02; 1.088000e+03; 
1.350000e+02; 7.820000e+02; 3.930000e+02; 2.660000e+02; 1.630000e+02; 1.960000e+02; 7.600000e+02; 4.550000e+02; 6.060000e+02; 5.520000e+02; 9.050000e+02; 5.200000e+02; 8.540000e+02; 1.009000e+03; 1.760000e+02; 2.110000e+02; 5.610000e+02; 2.900000e+02; 3.500000e+02; 2.560000e+02; 4.160000e+02; 1.800000e+02; 2.750000e+02; 1.420000e+02; 2.750000e+02; 6.140000e+02; 6.740000e+02; 5.780000e+02; 4.010000e+02; 4.390000e+02; 2.810000e+02; 1.510000e+02; 7.340000e+02; 0.000000e+00; 2.100000e+01; 3.300000e+01; 7.600000e+01; 1.150000e+02; 5.800000e+01; 9.200000e+01; 4.410000e+02; 6.840000e+02; 3.820000e+02; 8.000000e+01; 2.760000e+02; 1.610000e+02; 6.970000e+02; 1.330000e+02; 1.050000e+02; 2.430000e+02; 6.560000e+02; 1.092000e+03; 
1.210000e+02; 7.760000e+02; 3.730000e+02; 2.750000e+02; 1.700000e+02; 2.050000e+02; 7.540000e+02; 4.350000e+02; 5.890000e+02; 5.360000e+02; 9.200000e+02; 5.350000e+02; 8.740000e+02; 1.030000e+03; 1.810000e+02; 2.280000e+02; 5.440000e+02; 2.720000e+02; 3.300000e+02; 2.610000e+02; 4.060000e+02; 1.650000e+02; 2.720000e+02; 1.520000e+02; 2.900000e+02; 6.350000e+02; 6.930000e+02; 5.970000e+02; 4.150000e+02; 4.410000e+02; 2.680000e+02; 1.300000e+02; 7.310000e+02; 2.100000e+01; 0.000000e+00; 1.500000e+01; 8.600000e+01; 1.200000e+02; 5.300000e+01; 9.300000e+01; 4.210000e+02; 6.780000e+02; 3.760000e+02; 9.600000e+01; 2.550000e+02; 1.820000e+02; 7.180000e+02; 1.450000e+02; 8.500000e+01; 2.510000e+02; 6.670000e+02; 1.111000e+03; 
1.250000e+02; 7.850000e+02; 3.670000e+02; 2.700000e+02; 1.660000e+02; 2.010000e+02; 7.610000e+02; 4.210000e+02; 5.740000e+02; 5.210000e+02; 9.200000e+02; 5.350000e+02; 8.810000e+02; 1.039000e+03; 1.740000e+02; 2.430000e+02; 5.420000e+02; 2.710000e+02; 3.170000e+02; 2.750000e+02; 4.110000e+02; 1.660000e+02; 2.820000e+02; 1.500000e+02; 2.910000e+02; 6.430000e+02; 7.000000e+02; 6.020000e+02; 4.300000e+02; 4.530000e+02; 2.700000e+02; 1.220000e+02; 7.200000e+02; 3.300000e+01; 1.500000e+01; 0.000000e+00; 8.500000e+01; 1.150000e+02; 4.300000e+01; 8.500000e+01; 4.080000e+02; 6.860000e+02; 3.630000e+02; 1.110000e+02; 2.420000e+02; 1.910000e+02; 7.290000e+02; 1.450000e+02; 8.100000e+01; 2.650000e+02; 6.650000e+02; 1.116000e+03; 
2.070000e+02; 8.570000e+02; 4.470000e+02; 1.900000e+02; 8.700000e+01; 1.200000e+02; 8.360000e+02; 4.600000e+02; 5.960000e+02; 5.330000e+02; 8.350000e+02; 4.500000e+02; 8.060000e+02; 9.710000e+02; 1.020000e+02; 2.440000e+02; 6.270000e+02; 3.550000e+02; 3.710000e+02; 3.220000e+02; 4.910000e+02; 2.510000e+02; 3.490000e+02; 6.600000e+01; 2.070000e+02; 5.750000e+02; 6.240000e+02; 5.230000e+02; 4.430000e+02; 5.090000e+02; 3.540000e+02; 2.020000e+02; 6.680000e+02; 7.600000e+01; 8.600000e+01; 8.500000e+01; 0.000000e+00; 4.300000e+01; 5.500000e+01; 4.100000e+01; 4.570000e+02; 7.600000e+02; 3.270000e+02; 1.300000e+02; 2.970000e+02; 1.380000e+02; 6.760000e+02; 6.000000e+01; 1.650000e+02; 3.050000e+02; 5.810000e+02; 1.036000e+03; 
2.400000e+02; 8.960000e+02; 4.620000e+02; 1.550000e+02; 5.000000e+01; 8.600000e+01; 8.740000e+02; 4.460000e+02; 5.710000e+02; 5.060000e+02; 8.100000e+02; 4.290000e+02; 8.040000e+02; 9.740000e+02; 6.100000e+01; 2.830000e+02; 6.500000e+02; 3.800000e+02; 3.660000e+02; 3.650000e+02; 5.260000e+02; 2.810000e+02; 3.900000e+02; 4.400000e+01; 1.910000e+02; 5.800000e+02; 6.200000e+02; 5.160000e+02; 4.840000e+02; 5.510000e+02; 3.850000e+02; 2.200000e+02; 6.250000e+02; 1.150000e+02; 1.200000e+02; 1.150000e+02; 4.300000e+01; 0.000000e+00; 7.500000e+01; 3.500000e+01; 4.490000e+02; 7.980000e+02; 2.860000e+02; 1.730000e+02; 2.940000e+02; 1.630000e+02; 6.900000e+02; 4.900000e+01; 1.910000e+02; 3.480000e+02; 5.500000e+02; 1.026000e+03; 
1.660000e+02; 8.270000e+02; 3.920000e+02; 2.300000e+02; 1.260000e+02; 1.610000e+02; 8.040000e+02; 4.130000e+02; 5.570000e+02; 4.990000e+02; 8.850000e+02; 5.030000e+02; 8.620000e+02; 1.026000e+03; 1.320000e+02; 2.650000e+02; 5.750000e+02; 3.050000e+02; 3.180000e+02; 3.130000e+02; 4.530000e+02; 2.060000e+02; 3.250000e+02; 1.150000e+02; 2.600000e+02; 6.300000e+02; 6.800000e+02; 5.790000e+02; 4.580000e+02; 4.940000e+02; 3.100000e+02; 1.480000e+02; 6.780000e+02; 5.800000e+01; 5.300000e+01; 4.300000e+01; 5.500000e+01; 7.500000e+01; 0.000000e+00; 4.200000e+01; 4.070000e+02; 7.280000e+02; 3.240000e+02; 1.360000e+02; 2.440000e+02; 1.860000e+02; 7.260000e+02; 1.120000e+02; 1.150000e+02; 3.020000e+02; 6.260000e+02; 1.092000e+03; 
2.080000e+02; 8.690000e+02; 4.260000e+02; 1.880000e+02; 8.500000e+01; 1.200000e+02; 8.460000e+02; 4.210000e+02; 5.550000e+02; 4.920000e+02; 8.450000e+02; 4.650000e+02; 8.360000e+02; 1.004000e+03; 9.000000e+01; 2.820000e+02; 6.150000e+02; 3.450000e+02; 3.360000e+02; 3.480000e+02; 4.950000e+02; 2.480000e+02; 3.650000e+02; 7.900000e+01; 2.260000e+02; 6.090000e+02; 6.520000e+02; 5.500000e+02; 4.800000e+02; 5.310000e+02; 3.530000e+02; 1.850000e+02; 6.420000e+02; 9.200000e+01; 9.300000e+01; 8.500000e+01; 4.100000e+01; 3.500000e+01; 4.200000e+01; 0.000000e+00; 4.210000e+02; 7.700000e+02; 2.930000e+02; 1.610000e+02; 2.630000e+02; 1.790000e+02; 7.140000e+02; 8.000000e+01; 1.570000e+02; 3.330000e+02; 5.840000e+02; 1.060000e+03; 
3.950000e+02; 8.960000e+02; 2.460000e+02; 5.440000e+02; 4.790000e+02; 5.040000e+02; 8.570000e+02; 6.400000e+01; 2.390000e+02; 2.430000e+02; 1.180000e+03; 8.360000e+02; 1.248000e+03; 1.423000e+03; 4.640000e+02; 6.400000e+02; 4.420000e+02; 3.300000e+02; 9.100000e+01; 6.010000e+02; 5.250000e+02; 3.770000e+02; 5.450000e+02; 4.910000e+02; 6.280000e+02; 1.028000e+03; 1.063000e+03; 9.560000e+02; 8.010000e+02; 7.120000e+02; 4.080000e+02; 3.110000e+02; 7.040000e+02; 4.410000e+02; 4.210000e+02; 4.080000e+02; 4.570000e+02; 4.490000e+02; 4.070000e+02; 4.210000e+02; 0.000000e+00; 7.960000e+02; 4.010000e+02; 5.120000e+02; 1.650000e+02; 5.930000e+02; 1.133000e+03; 4.980000e+02; 3.590000e+02; 6.110000e+02; 8.960000e+02; 1.453000e+03; 
5.650000e+02; 1.020000e+02; 5.500000e+02; 9.500000e+02; 8.470000e+02; 8.810000e+02; 7.600000e+01; 8.550000e+02; 1.035000e+03; 1.031000e+03; 1.552000e+03; 1.169000e+03; 1.371000e+03; 1.457000e+03; 8.590000e+02; 6.390000e+02; 4.080000e+02; 4.920000e+02; 7.410000e+02; 4.760000e+02; 2.890000e+02; 5.350000e+02; 4.150000e+02; 8.250000e+02; 9.360000e+02; 1.120000e+03; 1.226000e+03; 1.163000e+03; 5.700000e+02; 3.150000e+02; 4.380000e+02; 6.280000e+02; 1.386000e+03; 6.840000e+02; 6.780000e+02; 6.860000e+02; 7.600000e+02; 7.980000e+02; 7.280000e+02; 7.700000e+02; 7.960000e+02; 0.000000e+00; 1.021000e+03; 6.500000e+02; 7.200000e+02; 7.680000e+02; 1.092000e+03; 8.140000e+02; 6.270000e+02; 5.090000e+02; 1.329000e+03; 1.645000e+03; 
4.630000e+02; 1.123000e+03; 5.560000e+02; 2.450000e+02; 2.660000e+02; 2.600000e+02; 1.094000e+03; 3.590000e+02; 3.890000e+02; 3.070000e+02; 7.890000e+02; 4.840000e+02; 9.300000e+02; 1.125000e+03; 2.410000e+02; 5.700000e+02; 7.730000e+02; 5.410000e+02; 3.670000e+02; 6.380000e+02; 7.330000e+02; 4.880000e+02; 6.410000e+02; 2.970000e+02; 3.540000e+02; 7.550000e+02; 7.510000e+02; 6.410000e+02; 7.700000e+02; 8.150000e+02; 5.830000e+02; 3.930000e+02; 3.650000e+02; 3.820000e+02; 3.760000e+02; 3.630000e+02; 3.270000e+02; 2.860000e+02; 3.240000e+02; 2.930000e+02; 4.010000e+02; 1.021000e+03; 0.000000e+00; 4.550000e+02; 3.360000e+02; 4.370000e+02; 9.040000e+02; 3.130000e+02; 3.990000e+02; 6.260000e+02; 5.040000e+02; 1.097000e+03; 
1.540000e+02; 7.440000e+02; 4.340000e+02; 3.070000e+02; 2.120000e+02; 2.400000e+02; 7.260000e+02; 5.290000e+02; 6.850000e+02; 6.310000e+02; 9.120000e+02; 5.260000e+02; 8.210000e+02; 9.660000e+02; 2.310000e+02; 1.320000e+02; 5.790000e+02; 3.150000e+02; 4.200000e+02; 1.940000e+02; 4.010000e+02; 1.990000e+02; 2.350000e+02; 1.830000e+02; 2.860000e+02; 5.740000e+02; 6.470000e+02; 5.590000e+02; 3.220000e+02; 3.820000e+02; 2.850000e+02; 2.070000e+02; 7.980000e+02; 8.000000e+01; 9.600000e+01; 1.110000e+02; 1.300000e+02; 1.730000e+02; 1.360000e+02; 1.610000e+02; 5.120000e+02; 6.500000e+02; 4.550000e+02; 0.000000e+00; 3.460000e+02; 1.300000e+02; 6.400000e+02; 1.700000e+02; 1.570000e+02; 1.750000e+02; 6.780000e+02; 1.070000e+03; 
2.400000e+02; 8.230000e+02; 2.190000e+02; 4.110000e+02; 3.310000e+02; 3.600000e+02; 7.890000e+02; 1.870000e+02; 3.600000e+02; 3.290000e+02; 1.067000e+03; 7.050000e+02; 1.098000e+03; 1.267000e+03; 3.190000e+02; 4.760000e+02; 4.360000e+02; 2.280000e+02; 7.500000e+01; 4.500000e+02; 4.330000e+02; 2.320000e+02; 4.060000e+02; 3.380000e+02; 4.810000e+02; 8.720000e+02; 9.130000e+02; 8.090000e+02; 6.430000e+02; 5.830000e+02; 2.920000e+02; 1.510000e+02; 6.870000e+02; 2.760000e+02; 2.550000e+02; 2.420000e+02; 2.970000e+02; 2.940000e+02; 2.440000e+02; 2.630000e+02; 1.650000e+02; 7.200000e+02; 3.360000e+02; 3.460000e+02; 0.000000e+00; 4.290000e+02; 9.690000e+02; 3.430000e+02; 1.960000e+02; 4.560000e+02; 7.900000e+02; 1.314000e+03; 
2.790000e+02; 8.590000e+02; 5.520000e+02; 2.300000e+02; 1.700000e+02; 1.820000e+02; 8.440000e+02; 5.980000e+02; 7.330000e+02; 6.690000e+02; 7.860000e+02; 4.010000e+02; 6.960000e+02; 8.480000e+02; 1.950000e+02; 1.550000e+02; 7.080000e+02; 4.410000e+02; 5.040000e+02; 2.950000e+02; 5.300000e+02; 3.250000e+02; 3.560000e+02; 1.400000e+02; 1.730000e+02; 4.530000e+02; 5.180000e+02; 4.280000e+02; 3.490000e+02; 4.810000e+02; 4.150000e+02; 3.120000e+02; 7.470000e+02; 1.610000e+02; 1.820000e+02; 1.910000e+02; 1.380000e+02; 1.630000e+02; 1.860000e+02; 1.790000e+02; 5.930000e+02; 7.680000e+02; 4.370000e+02; 1.300000e+02; 4.290000e+02; 0.000000e+00; 5.400000e+02; 1.250000e+02; 2.650000e+02; 2.660000e+02; 5.630000e+02; 9.410000e+02; 
7.910000e+02; 1.151000e+03; 1.072000e+03; 6.590000e+02; 6.730000e+02; 6.610000e+02; 1.156000e+03; 1.135000e+03; 1.257000e+03; 1.185000e+03; 7.050000e+02; 5.170000e+02; 3.240000e+02; 3.640000e+02; 6.950000e+02; 5.390000e+02; 1.187000e+03; 9.460000e+02; 1.044000e+03; 6.790000e+02; 9.570000e+02; 8.320000e+02; 7.730000e+02; 6.520000e+02; 5.500000e+02; 1.850000e+02; 2.910000e+02; 3.440000e+02; 5.220000e+02; 7.820000e+02; 8.950000e+02; 8.450000e+02; 1.095000e+03; 6.970000e+02; 7.180000e+02; 7.290000e+02; 6.760000e+02; 6.900000e+02; 7.260000e+02; 7.140000e+02; 1.133000e+03; 1.092000e+03; 9.040000e+02; 6.400000e+02; 9.690000e+02; 5.400000e+02; 0.000000e+00; 6.420000e+02; 7.950000e+02; 6.460000e+02; 6.810000e+02; 5.970000e+02; 
2.670000e+02; 9.100000e+02; 5.040000e+02; 1.370000e+02; 4.700000e+01; 7.000000e+01; 8.900000e+02; 4.950000e+02; 6.170000e+02; 5.500000e+02; 7.750000e+02; 3.910000e+02; 7.550000e+02; 9.250000e+02; 7.100000e+01; 2.610000e+02; 6.870000e+02; 4.150000e+02; 4.150000e+02; 3.640000e+02; 5.490000e+02; 3.110000e+02; 4.000000e+02; 1.500000e+01; 1.480000e+02; 5.300000e+02; 5.710000e+02; 4.690000e+02; 4.620000e+02; 5.530000e+02; 4.130000e+02; 2.600000e+02; 6.360000e+02; 1.330000e+02; 1.450000e+02; 1.450000e+02; 6.000000e+01; 4.900000e+01; 1.120000e+02; 8.000000e+01; 4.980000e+02; 8.140000e+02; 3.130000e+02; 1.700000e+02; 3.430000e+02; 1.250000e+02; 6.420000e+02; 0.000000e+00; 2.250000e+02; 3.430000e+02; 5.220000e+02; 9.800000e+02; 
6.400000e+01; 7.280000e+02; 2.880000e+02; 3.450000e+02; 2.410000e+02; 2.770000e+02; 7.010000e+02; 3.830000e+02; 5.500000e+02; 5.070000e+02; 1.000000e+03; 6.160000e+02; 9.590000e+02; 1.113000e+03; 2.460000e+02; 2.810000e+02; 4.610000e+02; 1.900000e+02; 2.670000e+02; 2.630000e+02; 3.440000e+02; 9.300000e+01; 2.440000e+02; 2.300000e+02; 3.720000e+02; 7.180000e+02; 7.790000e+02; 6.830000e+02; 4.480000e+02; 4.220000e+02; 1.970000e+02; 5.000000e+01; 7.630000e+02; 1.050000e+02; 8.500000e+01; 8.100000e+01; 1.650000e+02; 1.910000e+02; 1.150000e+02; 1.570000e+02; 3.590000e+02; 6.270000e+02; 3.990000e+02; 1.570000e+02; 1.960000e+02; 2.650000e+02; 7.950000e+02; 2.250000e+02; 0.000000e+00; 2.650000e+02; 7.410000e+02; 1.196000e+03; 
2.170000e+02; 5.960000e+02; 4.630000e+02; 4.770000e+02; 3.860000e+02; 4.130000e+02; 5.840000e+02; 6.430000e+02; 8.150000e+02; 7.710000e+02; 1.042000e+03; 6.620000e+02; 8.840000e+02; 1.000000e+03; 4.060000e+02; 1.300000e+02; 5.430000e+02; 3.280000e+02; 5.210000e+02; 3.500000e+01; 3.130000e+02; 2.370000e+02; 1.270000e+02; 3.570000e+02; 4.390000e+02; 6.300000e+02; 7.260000e+02; 6.560000e+02; 1.910000e+02; 2.150000e+02; 2.620000e+02; 3.050000e+02; 9.730000e+02; 2.430000e+02; 2.510000e+02; 2.650000e+02; 3.050000e+02; 3.480000e+02; 3.020000e+02; 3.330000e+02; 6.110000e+02; 5.090000e+02; 6.260000e+02; 1.750000e+02; 4.560000e+02; 2.660000e+02; 6.460000e+02; 3.430000e+02; 2.650000e+02; 0.000000e+00; 8.290000e+02; 1.150000e+03; 
7.890000e+02; 1.421000e+03; 9.950000e+02; 3.970000e+02; 4.990000e+02; 4.640000e+02; 1.405000e+03; 8.600000e+02; 8.830000e+02; 8.000000e+02; 2.850000e+02; 1.880000e+02; 5.390000e+02; 7.440000e+02; 4.970000e+02; 7.100000e+02; 1.196000e+03; 9.290000e+02; 8.430000e+02; 8.590000e+02; 1.072000e+03; 8.310000e+02; 9.140000e+02; 5.140000e+02; 3.920000e+02; 4.960000e+02; 4.100000e+02; 3.370000e+02; 8.710000e+02; 1.044000e+03; 9.350000e+02; 7.670000e+02; 4.740000e+02; 6.560000e+02; 6.670000e+02; 6.650000e+02; 5.810000e+02; 5.500000e+02; 6.260000e+02; 5.840000e+02; 8.960000e+02; 1.329000e+03; 5.040000e+02; 6.780000e+02; 7.900000e+02; 5.630000e+02; 6.810000e+02; 5.220000e+02; 7.410000e+02; 8.290000e+02; 0.000000e+00; 6.240000e+02; 
1.220000e+03; 1.716000e+03; 1.483000e+03; 9.080000e+02; 9.840000e+02; 9.540000e+02; 1.715000e+03; 1.430000e+03; 1.486000e+03; 1.404000e+03; 3.980000e+02; 6.180000e+02; 2.780000e+02; 3.180000e+02; 9.950000e+02; 1.022000e+03; 1.649000e+03; 1.381000e+03; 1.381000e+03; 1.186000e+03; 1.456000e+03; 1.266000e+03; 1.271000e+03; 9.810000e+02; 8.350000e+02; 5.250000e+02; 4.250000e+02; 5.130000e+02; 1.081000e+03; 1.330000e+03; 1.355000e+03; 1.238000e+03; 1.088000e+03; 1.092000e+03; 1.111000e+03; 1.116000e+03; 1.036000e+03; 1.026000e+03; 1.092000e+03; 1.060000e+03; 1.453000e+03; 1.645000e+03; 1.097000e+03; 1.070000e+03; 1.314000e+03; 9.410000e+02; 5.970000e+02; 9.800000e+02; 1.196000e+03; 1.150000e+03; 6.240000e+02; 0.000000e+00; 
Recursion step 1:
Costs:
0.000000e+00; 5.350000e+02; 1.040000e+02; 3.950000e+02; 2.910000e+02; 3.770000e+02; 5.600000e+02; 1.040000e+03; 6.550000e+02; 9.750000e+02; 2.600000e+02; 2.320000e+02; 2.100000e+02; 1.740000e+02; 2.670000e+02; 7.280000e+02; 7.070000e+02; 6.400000e+01; 4.630000e+02; 1.210000e+02; 2.070000e+02; 1.660000e+02; 1.540000e+02; 
5.350000e+02; 0.000000e+00; 2.890000e+02; 9.360000e+02; 8.470000e+02; 7.960000e+02; 1.031000e+03; 1.552000e+03; 1.169000e+03; 1.371000e+03; 5.700000e+02; 7.200000e+02; 4.760000e+02; 3.150000e+02; 8.140000e+02; 1.092000e+03; 1.163000e+03; 6.270000e+02; 1.021000e+03; 6.780000e+02; 7.600000e+02; 7.280000e+02; 6.500000e+02; 
1.040000e+02; 2.890000e+02; 0.000000e+00; 5.320000e+02; 4.300000e+02; 2.460000e+02; 4.850000e+02; 1.186000e+03; 8.000000e+02; 1.103000e+03; 3.560000e+02; 2.070000e+02; 2.360000e+02; 1.520000e+02; 4.130000e+02; 8.530000e+02; 8.440000e+02; 1.620000e+02; 5.410000e+02; 2.680000e+02; 3.540000e+02; 3.050000e+02; 2.850000e+02; 
3.950000e+02; 9.360000e+02; 5.320000e+02; 0.000000e+00; 6.900000e+01; 5.250000e+02; 5.330000e+02; 6.310000e+02; 2.450000e+02; 6.200000e+02; 3.260000e+02; 4.110000e+02; 4.390000e+02; 5.210000e+02; 1.250000e+02; 4.120000e+02; 3.280000e+02; 3.450000e+02; 2.450000e+02; 2.660000e+02; 1.550000e+02; 1.880000e+02; 1.730000e+02; 
2.910000e+02; 8.470000e+02; 4.300000e+02; 6.900000e+01; 0.000000e+00; 4.520000e+02; 4.900000e+02; 7.260000e+02; 3.490000e+02; 7.440000e+02; 3.090000e+02; 3.190000e+02; 3.860000e+02; 4.360000e+02; 3.100000e+01; 5.330000e+02; 4.520000e+02; 2.410000e+02; 2.410000e+02; 1.630000e+02; 5.000000e+01; 8.500000e+01; 1.700000e+02; 
3.770000e+02; 7.960000e+02; 2.460000e+02; 5.250000e+02; 4.520000e+02; 0.000000e+00; 1.800000e+02; 1.144000e+03; 8.120000e+02; 1.234000e+03; 6.400000e+02; 9.100000e+01; 6.010000e+02; 5.450000e+02; 4.860000e+02; 1.022000e+03; 9.410000e+02; 3.110000e+02; 3.590000e+02; 4.080000e+02; 4.460000e+02; 4.070000e+02; 5.120000e+02; 
