Recursion step 0:
Costs:
0.000000e+00; 2.635000e+03; 2.713000e+03; 2.437000e+03; 1.600000e+03; 2.845000e+03; 6.002000e+03; 1.743000e+03; 5.940000e+02; 2.182000e+03; 2.906000e+03; 1.658000e+03; 4.640000e+02; 3.334000e+03; 3.987000e+03; 2.870000e+03; 2.601000e+03; 3.300000e+02; 3.049000e+03; 1.302000e+03; 3.399000e+03; 1.946000e+03; 1.278000e+03; 6.690000e+02; 6.270000e+02; 2.878000e+03; 1.737000e+03; 3.124000e+03; 2.878000e+03; 3.070000e+02; 5.217000e+03; 7.990000e+02; 3.305000e+03; 3.716000e+03; 2.251000e+03; 2.878000e+03; 3.467000e+03; 4.316000e+03; 2.963000e+03; 5.120000e+02; 2.515000e+03; 4.850000e+03; 1.937000e+03; 3.670000e+02; 3.601000e+03; 3.936000e+03; 2.430000e+03; 2.691000e+03; 2.087000e+03; 1.861000e+03; 2.358000e+03; 2.263000e+03; 1.425000e+03; 2.266000e+03; 2.166000e+03; 3.870000e+03; 1.417000e+03; 7.390000e+02; 
2.635000e+03; 0.000000e+00; 3.140000e+02; 2.636000e+03; 6.660000e+02; 1.096000e+03; 4.645000e+03; 6.930000e+02; 2.889000e+03; 2.870000e+02; 7.720000e+02; 1.135000e+03; 2.875000e+03; 1.424000e+03; 2.185000e+03; 1.193000e+03; 8.460000e+02; 2.142000e+03; 1.127000e+03; 3.104000e+03; 1.484000e+03; 4.900000e+02; 9.900000e+02; 1.950000e+03; 2.855000e+03; 9.750000e+02; 9.260000e+02; 1.214000e+03; 5.990000e+02; 2.535000e+03; 3.860000e+03; 3.027000e+03; 1.407000e+03; 1.811000e+03; 3.590000e+02; 1.060000e+03; 1.557000e+03; 2.959000e+03; 3.940000e+02; 2.740000e+03; 9.800000e+01; 3.538000e+03; 8.560000e+02; 2.026000e+03; 1.710000e+03; 1.733000e+03; 5.080000e+02; 1.940000e+02; 5.320000e+02; 2.906000e+03; 4.350000e+02; 3.350000e+02; 2.470000e+03; 1.370000e+02; 2.340000e+02; 2.072000e+03; 1.196000e+03; 1.517000e+03; 
2.713000e+03; 3.140000e+02; 0.000000e+00; 2.730000e+03; 7.060000e+02; 7.910000e+02; 4.588000e+03; 9.220000e+02; 2.991000e+03; 2.170000e+02; 7.600000e+02; 1.050000e+03; 2.915000e+03; 1.119000e+03; 1.776000e+03; 1.451000e+03; 5.410000e+03; 2.182000e+03; 8.460000e+02; 3.333000e+03; 5.780000e+02; 7.210000e+02; 1.030000e+03; 1.990000e+03; 2.895000e+03; 6.700000e+02; 8.350000e+02; 9.090000e+02; 2.870000e+02; 2.575000e+03; 3.803000e+03; 3.067000e+03; 1.102000e+03; 1.505000e+03; 1.580000e+02; 4.390000e+02; 1.248000e+03; 2.902000e+03; 2.870000e+02; 2.780000e+03; 2.760000e+02; 3.436000e+03; 7.710000e+02; 2.066000e+03; 1.395000e+03; 1.740000e+03; 4.070000e+02; 2.790000e+02; 3.340000e+02; 3.135000e+03; 3.370000e+02; 2.350000e+02; 2.699000e+03; 4.510000e+02; 5.460000e+02; 1.882000e+03; 2.699000e+03; 1.557000e+03; 
2.437000e+03; 2.636000e+03; 2.730000e+03; 0.000000e+00; 2.824000e+03; 3.457000e+03; 6.083000e+03; 2.120000e+03; 2.040000e+03; 2.844000e+03; 2.973000e+03; 3.937000e+03; 1.958000e+03; 3.710000e+03; 4.363000e+03; 2.941000e+03; 3.207000e+03; 1.991000e+03; 3.512000e+03; 1.571000e+03; 3.392000e+03; 2.013000e+03; 2.922000e+03; 2.368000e+03; 2.170000e+03; 3.336000e+03; 3.503000e+03; 3.500000e+03; 2.884000e+03; 2.109000e+03; 5.298000e+03; 2.108000e+03; 3.643000e+03; 4.092000e+03; 2.934000e+03; 3.093000e+03; 3.843000e+03; 4.391000e+03; 2.763000e+03; 2.083000e+03; 2.543000e+03; 4.925000e+03; 3.236000e+03; 2.107000e+03; 3.939000e+03; 4.274000e+03; 3.008000e+03; 2.522000e+03; 3.006000e+03; 8.060000e+02; 2.936000e+03; 3.026000e+03; 9.470000e+02; 2.464000e+03; 2.364000e+03; 4.208000e+03; 3.116000e+03; 2.390000e+03; 
1.600000e+03; 6.660000e+02; 7.060000e+02; 2.824000e+03; 0.000000e+00; 1.247000e+03; 4.746000e+03; 7.160000e+02; 2.223000e+03; 5.840000e+02; 1.442000e+03; 6.940000e+02; 2.089000e+03; 1.577000e+03; 2.230000e+03; 1.609000e+03; 1.003000e+03; 1.260000e+03; 1.297000e+03; 2.535000e+03; 1.511000e+03; 9.080000e+02; 3.240000e+02; 1.116000e+03; 2.183000e+03; 1.126000e+03; 2.600000e+02; 1.367000e+03; 9.960000e+02; 1.863000e+03; 3.961000e+03; 2.355000e+03; 1.565000e+03; 1.959000e+03; 6.600000e+02; 1.106000e+03; 1.710000e+03; 3.060000e+03; 9.910000e+02; 2.068000e+03; 5.230000e+02; 3.594000e+03; 4.340000e+02; 1.354000e+03; 1.861000e+03; 2.196000e+03; 6.580000e+02; 7.500000e+02; 5.630000e+02; 2.929000e+03; 5.860000e+02; 6.680000e+02; 2.493000e+03; 4.940000e+02; 5.570000e+02; 2.130000e+03; 5.240000e+02; 8.510000e+02; 
2.845000e+03; 1.096000e+03; 7.910000e+02; 3.457000e+03; 1.247000e+03; 0.000000e+00; 5.126000e+03; 1.653000e+03; 3.545000e+03; 7.080000e+02; 1.298000e+03; 1.342000e+03; 3.451000e+03; 3.470000e+02; 1.126000e+03; 1.989000e+03; 2.500000e+02; 2.736000e+03; 1.380000e+02; 3.786000e+03; 8.880000e+02; 1.452000e+03; 1.671000e+03; 2.336000e+03; 3.431000e+03; 1.240000e+02; 1.165000e+03; 1.890000e+02; 6.400000e+02; 3.110000e+03; 4.341000e+03; 3.603000e+03; 4.890000e+02; 8.550000e+02; 7.300000e+02; 3.640000e+02; 5.980000e+02; 3.440000e+03; 8.410000e+02; 3.316000e+03; 9.190000e+02; 3.974000e+03; 1.063000e+03; 2.620000e+03; 9.400000e+02; 1.090000e+03; 7.220000e+02; 9.210000e+02; 7.610000e+02; 3.866000e+03; 6.520000e+02; 7.540000e+02; 3.430000e+03; 1.096000e+03; 1.191000e+03; 1.232000e+03; 1.582000e+03; 2.098000e+03; 
6.002000e+03; 4.645000e+03; 4.588000e+03; 6.083000e+03; 4.746000e+03; 5.126000e+03; 0.000000e+00; 4.267000e+03; 6.553000e+03; 4.826000e+03; 3.830000e+03; 5.951000e+03; 6.417000e+03; 5.423000e+03; 6.089000e+03; 3.142000e+03; 4.876000e+03; 5.676000e+03; 5.181000e+03; 6.678000e+03; 4.720000e+03; 4.074000e+03; 5.071000e+03; 5.724000e+03; 6.675000e+03; 5.000000e+03; 4.993000e+03; 5.221000e+03; 4.494000e+03; 6.265000e+03; 7.850000e+02; 6.776000e+03; 5.265000e+03; 5.756000e+03; 4.628000e+03; 4.747000e+03; 5.511000e+03; 1.686000e+03; 4.276000e+03; 6.472000e+03; 4.447000e+03; 2.230000e+03; 5.167000e+03; 5.784000e+03; 5.561000e+03; 5.891000e+03; 4.902000e+03; 4.353000e+03; 4.922000e+03; 6.480000e+03; 4.759000e+03; 4.771000e+03; 6.044000e+03; 4.299000e+03; 4.199000e+03; 5.830000e+03; 5.271000e+03; 5.404000e+03; 
1.743000e+03; 6.930000e+02; 9.220000e+02; 2.120000e+03; 7.160000e+02; 1.653000e+03; 4.267000e+03; 0.000000e+00; 2.296000e+03; 9.230000e+02; 1.175000e+03; 1.282000e+03; 2.162000e+03; 1.906000e+03; 2.559000e+03; 1.133000e+03; 1.352000e+03; 1.422000e+03; 1.651000e+03; 2.423000e+03; 1.588000e+03; 2.090000e+02; 1.030000e+03; 1.461000e+03; 2.420000e+03; 1.538000e+03; 9.650000e+02; 1.716000e+03; 1.112000e+03; 2.010000e+03; 3.482000e+03; 2.521000e+03; 1.839000e+03; 2.288000e+03; 1.000000e+03; 1.289000e+03; 2.039000e+03; 2.551000e+03; 9.550000e+02; 2.217000e+03; 7.150000e+02; 3.125000e+03; 1.145000e+03; 1.529000e+03; 2.131000e+03; 2.466000e+03; 1.087000e+03; 7.180000e+02; 1.083000e+03; 2.225000e+03; 1.015000e+03; 9.600000e+02; 1.789000e+03; 5.370000e+02; 4.360000e+02; 2.400000e+03; 1.238000e+03; 1.199000e+03; 
5.940000e+02; 2.889000e+03; 2.991000e+03; 2.040000e+03; 2.223000e+03; 3.545000e+03; 6.553000e+03; 2.296000e+03; 0.000000e+00; 2.869000e+03; 3.459000e+03; 2.366000e+03; 1.470000e+02; 3.741000e+03; 4.399000e+03; 3.417000e+03; 3.163000e+03; 9.240000e+02; 3.462000e+03; 6.810000e+02; 3.734000e+03; 2.493000e+03; 1.934000e+03; 1.377000e+03; 1.300000e+02; 3.402000e+03; 2.449000e+03; 3.531000e+03; 3.219000e+03; 3.430000e+02; 5.766000e+03; 2.280000e+02; 3.724000e+03; 4.128000e+03; 2.883000e+03; 3.277000e+03; 3.870000e+03; 4.835000e+03; 3.214000e+03; 1.840000e+02; 2.746000e+03; 4.875000e+03; 2.492000e+03; 9.250000e+02; 4.017000e+03; 4.362000e+03; 2.985000e+03; 2.973000e+03; 2.831000e+03; 1.544000e+03; 2.913000e+03; 2.891000e+03; 1.103000e+03; 2.717000e+03; 2.655000e+03; 4.504000e+03; 1.972000e+03; 1.447000e+03; 
2.182000e+03; 2.870000e+02; 2.170000e+02; 2.844000e+03; 5.840000e+02; 7.080000e+02; 4.826000e+03; 9.230000e+02; 2.869000e+03; 0.000000e+00; 1.004000e+03; 7.810000e+02; 2.793000e+03; 1.036000e+03; 1.694000e+03; 1.694000e+03; 4.580000e+02; 1.844000e+03; 7.570000e+02; 3.125000e+03; 1.096000e+03; 8.270000e+02; 9.080000e+02; 1.702000e+03; 2.773000e+03; 5.870000e+02; 8.440000e+02; 8.260000e+02; 4.550000e+02; 2.453000e+03; 4.041000e+03; 2.945000e+03; 1.019000e+03; 1.423000e+03; 7.500000e+01; 5.720000e+02; 1.165000e+03; 3.140000e+03; 5.600000e+02; 2.658000e+03; 2.270000e+02; 3.674000e+03; 5.020000e+02; 1.944000e+03; 1.312000e+03; 1.650000e+03; 1.700000e+02; 3.830000e+02; 1.690000e+02; 3.136000e+03; 9.800000e+01; 8.000000e+01; 2.700000e+03; 4.110000e+02; 5.080000e+02; 1.584000e+03; 9.480000e+02; 1.435000e+03; 
2.906000e+03; 7.720000e+02; 7.600000e+02; 2.973000e+03; 1.442000e+03; 1.298000e+03; 3.830000e+03; 1.175000e+03; 3.459000e+03; 1.004000e+03; 0.000000e+00; 2.128000e+03; 3.322000e+03; 1.609000e+03; 2.266000e+03; 6.930000e+02; 1.041000e+03; 2.585000e+03; 1.353000e+03; 3.586000e+03; 8.870000e+02; 9.740000e+02; 2.553000e+03; 2.624000e+03; 3.583000e+03; 1.177000e+03; 1.488000e+03; 1.398000e+03; 6.730000e+02; 3.173000e+03; 3.045000e+03; 3.684000e+03; 1.444000e+03; 1.935000e+03; 9.410000e+02; 9.260000e+02; 1.686000e+03; 2.149000e+03; 4.550000e+02; 3.380000e+03; 8.940000e+02; 2.688000e+03; 1.433000e+03; 2.692000e+03; 1.740000e+03; 2.070000e+03; 1.081000e+03; 6.960000e+02; 1.101000e+03; 3.388000e+03; 1.009000e+03; 9.500000e+02; 2.952000e+03; 1.063000e+03; 9.640000e+02; 2.009000e+03; 1.972000e+03; 2.286000e+03; 
1.658000e+03; 1.135000e+03; 1.050000e+03; 3.937000e+03; 6.940000e+02; 1.342000e+03; 5.951000e+03; 1.282000e+03; 2.366000e+03; 7.810000e+02; 2.128000e+03; 0.000000e+00; 2.265000e+03; 1.695000e+03; 2.353000e+03; 2.819000e+03; 1.117000e+03; 1.557000e+03; 1.416000e+03; 2.636000e+03; 1.755000e+03; 1.608000e+03; 4.560000e+02; 1.002000e+03; 2.245000e+03; 1.246000e+03; 2.570000e+02; 1.485000e+03; 1.225000e+03; 1.925000e+03; 5.166000e+03; 2.417000e+03; 1.678000e+03; 2.082000e+03; 8.710000e+02; 1.231000e+03; 1.824000e+03; 4.265000e+03; 1.290000e+03; 2.130000e+03; 1.019000e+03; 4.799000e+03; 2.790000e+02; 1.441000e+03; 1.971000e+03; 2.309000e+03; 7.720000e+02; 1.148000e+03; 6.180000e+02; 2.844000e+03; 7.000000e+02; 8.020000e+02; 2.413000e+03; 1.188000e+03; 1.248000e+03; 2.243000e+03; 2.480000e+02; 1.210000e+03; 
4.640000e+02; 2.875000e+03; 2.915000e+03; 1.958000e+03; 2.089000e+03; 3.451000e+03; 6.417000e+03; 2.162000e+03; 1.470000e+02; 2.793000e+03; 3.322000e+03; 2.265000e+03; 0.000000e+00; 3.607000e+03; 4.265000e+03; 3.283000e+03; 3.029000e+03; 9.310000e+02; 3.328000e+03; 8.170000e+02; 3.600000e+03; 2.359000e+03; 1.876000e+03; 1.267000e+03; 2.000000e+02; 3.158000e+03; 2.339000e+03; 3.397000e+03; 3.120000e+03; 2.110000e+02; 5.632000e+03; 3.660000e+02; 3.590000e+03; 4.004000e+03; 2.766000e+03; 3.134000e+03; 3.736000e+03; 4.701000e+03; 3.185000e+03; 1.350000e+02; 2.914000e+03; 5.274000e+03; 2.267000e+03; 8.150000e+02; 3.883000e+03; 4.221000e+03; 2.667000e+03; 3.043000e+03; 2.606000e+03; 1.451000e+03; 2.595000e+03; 2.697000e+03; 1.011000e+03; 2.563000e+03; 2.623000e+03; 4.155000e+03; 1.834000e+03; 1.337000e+03; 
3.334000e+03; 1.424000e+03; 1.119000e+03; 3.710000e+03; 1.577000e+03; 3.470000e+02; 5.423000e+03; 1.906000e+03; 3.741000e+03; 1.036000e+03; 1.609000e+03; 1.695000e+03; 3.607000e+03; 0.000000e+00; 6.650000e+02; 2.300000e+03; 5.780000e+02; 2.845000e+03; 4.740000e+02; 4.116000e+03; 1.216000e+03; 1.705000e+03; 1.901000e+03; 2.693000e+03; 3.848000e+03; 6.520000e+02; 1.480000e+03; 2.240000e+02; 9.680000e+02; 3.547000e+03; 4.648000e+03; 4.020000e+03; 1.760000e+02; 3.940000e+02; 1.153000e+03; 6.920000e+02; 1.370000e+02; 3.752000e+03; 1.169000e+03; 3.744000e+03; 1.301000e+03; 4.291000e+03; 1.420000e+03; 3.047000e+03; 4.790000e+02; 6.290000e+02; 1.059000e+03; 1.249000e+03; 1.079000e+03; 4.119000e+03; 9.820000e+02; 9.670000e+02; 3.683000e+03; 1.424000e+03; 1.421000e+03; 7.710000e+02; 1.939000e+03; 2.901000e+03; 
3.987000e+03; 2.185000e+03; 1.776000e+03; 4.363000e+03; 2.230000e+03; 1.126000e+03; 6.089000e+03; 2.559000e+03; 4.399000e+03; 1.694000e+03; 2.266000e+03; 2.353000e+03; 4.265000e+03; 6.650000e+02; 0.000000e+00; 2.957000e+03; 1.236000e+03; 3.706000e+03; 9.920000e+02; 4.774000e+03; 1.471000e+03; 2.358000e+03; 2.654000e+03; 3.346000e+03; 4.589000e+03; 1.177000e+03; 2.151000e+03; 8.870000e+02; 1.564000e+03; 4.099000e+03; 5.304000e+03; 4.591000e+03; 8.180000e+02; 2.620000e+02; 1.716000e+03; 1.350000e+03; 5.280000e+02; 4.408000e+03; 1.827000e+03; 4.306000e+03; 1.905000e+03; 4.947000e+03; 2.073000e+03; 3.590000e+03; 5.620000e+02; 6.070000e+02; 1.717000e+03; 2.093000e+03; 1.742000e+03; 4.772000e+03; 1.645000e+03; 1.747000e+03; 4.036000e+03; 2.082000e+03; 2.179000e+03; 7.600000e+02; 2.592000e+03; 3.554000e+03; 
2.870000e+03; 1.193000e+03; 1.451000e+03; 2.941000e+03; 1.609000e+03; 1.989000e+03; 3.142000e+03; 1.133000e+03; 3.417000e+03; 1.694000e+03; 6.930000e+02; 2.819000e+03; 3.283000e+03; 2.300000e+03; 2.957000e+03; 0.000000e+00; 1.734000e+03; 2.543000e+03; 2.044000e+03; 3.544000e+03; 1.578000e+03; 9.320000e+02; 1.939000e+03; 2.582000e+03; 3.304000e+03; 1.868000e+03; 1.861000e+03; 2.089000e+03; 1.362000e+03; 3.131000e+03; 2.357000e+03; 3.642000e+03; 2.133000e+03; 2.624000e+03; 1.491000e+03; 1.615000e+03; 2.379000e+03; 1.456000e+03; 1.144000e+03; 3.338000e+03; 1.310000e+03; 1.990000e+03; 2.035000e+03; 2.650000e+03; 2.429000e+03; 2.759000e+03; 1.770000e+03; 1.216000e+03; 1.790000e+03; 3.346000e+03; 1.622000e+03; 1.639000e+03; 2.910000e+03; 1.162000e+03; 1.062000e+03; 2.698000e+03; 2.139000e+03; 2.278000e+03; 
2.601000e+03; 8.460000e+02; 5.410000e+03; 3.207000e+03; 1.003000e+03; 2.500000e+02; 4.876000e+03; 1.352000e+03; 3.163000e+03; 4.580000e+02; 1.041000e+03; 1.117000e+03; 3.029000e+03; 5.780000e+02; 1.236000e+03; 1.734000e+03; 0.000000e+00; 2.267000e+03; 3.000000e+02; 3.542000e+03; 6.380000e+02; 1.202000e+03; 1.328000e+03; 2.094000e+03; 3.187000e+03; 1.290000e+02; 9.150000e+02; 3.680000e+02; 3.900000e+02; 2.866000e+03; 4.091000e+03; 3.359000e+03; 5.610000e+02; 9.650000e+02; 4.800000e+02; 1.140000e+02; 7.110000e+02; 3.190000e+03; 5.910000e+02; 3.072000e+03; 6.690000e+02; 3.724000e+03; 8.460000e+02; 2.379000e+03; 8.540000e+02; 1.192000e+03; 3.920000e+02; 6.710000e+02; 5.110000e+02; 3.565000e+03; 4.080000e+02; 3.880000e+02; 3.129000e+03; 8.460000e+02; 9.500000e+02; 1.126000e+03; 1.347000e+03; 1.860000e+03; 
3.300000e+02; 2.142000e+03; 2.182000e+03; 1.991000e+03; 1.260000e+03; 2.736000e+03; 5.676000e+03; 1.422000e+03; 9.240000e+02; 1.844000e+03; 2.585000e+03; 1.557000e+03; 9.310000e+02; 2.845000e+03; 3.706000e+03; 2.543000e+03; 2.267000e+03; 0.000000e+00; 2.566000e+03; 1.273000e+03; 2.905000e+03; 1.619000e+03; 1.175000e+03; 5.640000e+02; 1.068000e+03; 2.600000e+03; 1.638000e+03; 2.841000e+03; 2.470000e+03; 7.700000e+02; 5.113000e+03; 1.240000e+03; 3.039000e+03; 3.433000e+03; 2.134000e+03; 2.580000e+03; 3.184000e+03; 4.182000e+03; 2.465000e+03; 9.530000e+02; 1.997000e+03; 4.756000e+03; 1.834000e+03; 1.140000e+02; 3.335000e+03; 3.670000e+03; 2.388000e+03; 2.349000e+03; 1.984000e+03; 1.715000e+03; 2.068000e+03; 2.074000e+03; 1.284000e+03; 1.968000e+03; 2.031000e+03; 3.604000e+03; 1.340000e+03; 6.360000e+02; 
3.049000e+03; 1.127000e+03; 8.460000e+02; 3.512000e+03; 1.297000e+03; 1.380000e+02; 5.181000e+03; 1.651000e+03; 3.462000e+03; 7.570000e+02; 1.353000e+03; 1.416000e+03; 3.328000e+03; 4.740000e+02; 9.920000e+02; 2.044000e+03; 3.000000e+02; 2.566000e+03; 0.000000e+00; 3.841000e+03; 9.450000e+02; 1.507000e+03; 1.627000e+03; 2.393000e+03; 3.486000e+03; 1.780000e+02; 1.214000e+03; 2.540000e+02; 6.520000e+02; 3.165000e+03; 4.396000e+03; 3.658000e+03; 5.310000e+02; 7.300000e+02; 1.079000e+03; 3.740000e+02; 4.760000e+02; 3.495000e+03; 8.560000e+02; 3.371000e+03; 9.680000e+02; 4.029000e+03; 1.140000e+03; 2.678000e+03; 8.060000e+02; 9.600000e+02; 6.910000e+02; 9.780000e+02; 8.100000e+02; 3.864000e+03; 7.070000e+02; 6.870000e+02; 3.428000e+03; 1.145000e+03; 1.249000e+03; 1.096000e+03; 1.646000e+03; 2.159000e+03; 
1.302000e+03; 3.104000e+03; 3.333000e+03; 1.571000e+03; 2.535000e+03; 3.786000e+03; 6.678000e+03; 2.423000e+03; 6.810000e+02; 3.125000e+03; 3.586000e+03; 2.636000e+03; 8.170000e+02; 4.116000e+03; 4.774000e+03; 3.544000e+03; 3.542000e+03; 1.273000e+03; 3.841000e+03; 0.000000e+00; 3.998000e+03; 2.620000e+03; 2.217000e+03; 1.647000e+03; 6.930000e+02; 3.665000e+03; 2.676000e+03; 3.906000e+03; 3.487000e+03; 1.052000e+03; 5.893000e+03; 5.370000e+02; 4.108000e+03; 4.503000e+03; 3.201000e+03; 3.635000e+03; 4.249000e+03; 4.962000e+03; 3.366000e+03; 8.000000e+02; 3.064000e+03; 5.536000e+03; 2.804000e+03; 1.385000e+03; 4.401000e+03; 4.739000e+03; 3.199000e+03; 3.129000e+03; 3.032000e+03; 1.070000e+03; 3.122000e+03; 3.209000e+03; 6.340000e+02; 2.948000e+03; 2.846000e+03; 4.673000e+03; 2.395000e+03; 1.681000e+03; 
3.399000e+03; 1.484000e+03; 5.780000e+02; 3.392000e+03; 1.511000e+03; 8.880000e+02; 4.720000e+03; 1.588000e+03; 3.734000e+03; 1.096000e+03; 8.870000e+02; 1.755000e+03; 3.600000e+03; 1.216000e+03; 1.471000e+03; 1.578000e+03; 6.380000e+02; 2.905000e+03; 9.450000e+02; 3.998000e+03; 0.000000e+00; 1.383000e+03; 1.835000e+03; 2.627000e+03; 3.846000e+03; 7.670000e+02; 1.771000e+03; 7.880000e+02; 5.200000e+02; 3.380000e+03; 3.925000e+03; 3.872000e+03; 9.380000e+02; 1.200000e+03; 8.420000e+02; 5.240000e+02; 9.430000e+02; 3.024000e+03; 6.070000e+02; 3.585000e+03; 8.920000e+02; 3.558000e+03; 1.470000e+03; 2.871000e+03; 1.288000e+03; 1.438000e+03; 1.118000e+03; 7.420000e+02; 1.143000e+03; 3.801000e+03; 1.046000e+03; 9.760000e+02; 3.365000e+03; 1.076000e+03; 1.174000e+03; 1.185000e+03; 1.989000e+03; 2.951000e+03; 
1.946000e+03; 4.900000e+02; 7.210000e+02; 2.013000e+03; 9.080000e+02; 1.452000e+03; 4.074000e+03; 2.090000e+02; 2.493000e+03; 8.270000e+02; 9.740000e+02; 1.608000e+03; 2.359000e+03; 1.705000e+03; 2.358000e+03; 9.320000e+02; 1.202000e+03; 1.619000e+03; 1.507000e+03; 2.620000e+03; 1.383000e+03; 0.000000e+00; 1.238000e+03; 1.612000e+03; 2.617000e+03; 1.332000e+03; 1.174000e+03; 1.495000e+03; 8.750000e+02; 2.211000e+03; 3.289000e+03; 2.718000e+03; 1.634000e+03; 2.087000e+03; 7.740000e+02; 1.109000e+03; 1.838000e+03; 2.388000e+03; 7.540000e+02; 2.414000e+03; 6.070000e+02; 2.922000e+03; 1.348000e+03; 1.726000e+03; 1.930000e+03; 2.265000e+03; 9.910000e+02; 5.170000e+02; 9.830000e+02; 2.422000e+03; 9.190000e+02; 8.800000e+02; 1.986000e+03; 4.590000e+02; 3.590000e+02; 2.199000e+03; 1.438000e+03; 1.350000e+03; 
1.278000e+03; 9.900000e+02; 1.030000e+03; 2.922000e+03; 3.240000e+02; 1.671000e+03; 5.071000e+03; 1.030000e+03; 1.934000e+03; 9.080000e+02; 2.553000e+03; 4.560000e+02; 1.876000e+03; 1.901000e+03; 2.654000e+03; 1.939000e+03; 1.328000e+03; 1.175000e+03; 1.627000e+03; 2.217000e+03; 1.835000e+03; 1.238000e+03; 0.000000e+00; 8.010000e+02; 1.865000e+03; 1.450000e+03; 5.540000e+02; 2.243000e+03; 1.546000e+03; 1.545000e+03; 4.286000e+03; 2.037000e+03; 1.889000e+03; 2.293000e+03; 9.840000e+02; 1.542000e+03; 2.040000e+03; 3.385000e+03; 1.315000e+03; 1.750000e+03; 8.470000e+02; 3.919000e+03; 6.000000e+02; 1.061000e+03; 2.182000e+03; 2.510000e+03; 1.093000e+03; 1.074000e+03; 8.870000e+02; 2.425000e+03; 1.021000e+03; 9.920000e+02; 1.994000e+03; 8.180000e+02; 8.810000e+02; 2.454000e+03; 4.320000e+02; 1.394000e+03; 
6.690000e+02; 1.950000e+03; 1.990000e+03; 2.368000e+03; 1.116000e+03; 2.336000e+03; 5.724000e+03; 1.461000e+03; 1.377000e+03; 1.702000e+03; 2.624000e+03; 1.002000e+03; 1.267000e+03; 2.693000e+03; 3.346000e+03; 2.582000e+03; 2.094000e+03; 5.640000e+02; 2.393000e+03; 1.647000e+03; 2.627000e+03; 1.612000e+03; 8.010000e+02; 0.000000e+00; 1.256000e+03; 2.083000e+03; 1.252000e+03; 2.324000e+03; 2.058000e+03; 9.360000e+02; 4.929000e+03; 1.428000e+03; 2.517000e+03; 2.686000e+03; 1.841000e+03; 2.057000e+03; 2.806000e+03; 4.038000e+03; 2.123000e+03; 1.141000e+03; 1.849000e+03; 4.572000e+03; 1.275000e+03; 4.520000e+02; 2.805000e+03; 3.143000e+03; 1.610000e+03; 2.020000e+03; 1.612000e+03; 1.869000e+03; 1.542000e+03; 1.642000e+03; 1.422000e+03; 1.748000e+03; 1.811000e+03; 3.082000e+03; 7.540000e+02; 2.590000e+02; 
6.270000e+02; 2.855000e+03; 2.895000e+03; 2.170000e+03; 2.183000e+03; 3.431000e+03; 6.675000e+03; 2.420000e+03; 1.300000e+02; 2.773000e+03; 3.583000e+03; 2.245000e+03; 2.000000e+02; 3.848000e+03; 4.589000e+03; 3.304000e+03; 3.187000e+03; 1.068000e+03; 3.486000e+03; 6.930000e+02; 3.846000e+03; 2.617000e+03; 1.865000e+03; 1.256000e+03; 0.000000e+00; 3.310000e+03; 2.324000e+03; 3.551000e+03; 3.185000e+03; 3.720000e+02; 5.890000e+03; 1.900000e+02; 3.754000e+03; 4.148000e+03; 2.849000e+03; 3.295000e+03; 3.899000e+03; 4.959000e+03; 3.180000e+03; 1.250000e+02; 2.712000e+03; 5.533000e+03; 2.524000e+03; 9.540000e+02; 4.050000e+03; 4.385000e+03; 2.836000e+03; 2.939000e+03; 2.644000e+03; 1.669000e+03; 2.764000e+03; 2.857000e+03; 1.233000e+03; 2.683000e+03; 2.746000e+03; 4.319000e+03; 2.004000e+03; 1.326000e+03; 
2.878000e+03; 9.750000e+02; 6.700000e+02; 3.336000e+03; 1.126000e+03; 1.240000e+02; 5.000000e+03; 1.538000e+03; 3.402000e+03; 5.870000e+02; 1.177000e+03; 1.246000e+03; 3.158000e+03; 6.520000e+02; 1.177000e+03; 1.868000e+03; 1.290000e+02; 2.600000e+03; 1.780000e+02; 3.665000e+03; 7.670000e+02; 1.332000e+03; 1.450000e+03; 2.083000e+03; 3.310000e+03; 0.000000e+00; 1.044000e+03; 4.320000e+02; 5.190000e+02; 2.995000e+03; 4.215000e+03; 3.487000e+03; 7.090000e+02; 9.080000e+02; 6.090000e+02; 2.430000e+02; 6.390000e+02; 3.314000e+03; 7.200000e+02; 3.200000e+03; 7.980000e+02; 3.848000e+03; 9.690000e+02; 2.486000e+03; 9.840000e+02; 1.138000e+03; 5.280000e+02; 8.000000e+02; 6.400000e+02; 3.751000e+03; 5.360000e+02; 5.170000e+02; 3.315000e+03; 9.750000e+02; 1.078000e+03; 1.274000e+03; 1.329000e+03; 1.189000e+03; 
1.737000e+03; 9.260000e+02; 8.350000e+02; 3.503000e+03; 2.600000e+02; 1.165000e+03; 4.993000e+03; 9.650000e+02; 2.449000e+03; 8.440000e+02; 1.488000e+03; 2.570000e+02; 2.339000e+03; 1.480000e+03; 2.151000e+03; 1.861000e+03; 9.150000e+02; 1.638000e+03; 1.214000e+03; 2.676000e+03; 1.771000e+03; 1.174000e+03; 5.540000e+02; 1.252000e+03; 2.324000e+03; 1.044000e+03; 0.000000e+00; 1.275000e+03; 1.023000e+03; 2.004000e+03; 4.208000e+03; 2.496000e+03; 1.468000e+03; 1.637000e+03; 6.690000e+02; 1.022000e+03; 1.627000e+03; 3.307000e+03; 1.088000e+03; 2.209000e+03; 7.830000e+02; 3.841000e+03; 1.840000e+02; 1.524000e+03; 1.756000e+03; 2.094000e+03; 5.700000e+02; 9.460000e+02; 5.230000e+02; 3.178000e+03; 4.980000e+02; 6.000000e+02; 2.742000e+03; 7.540000e+02; 8.170000e+02; 2.033000e+03; 4.980000e+02; 1.460000e+03; 
3.124000e+03; 1.214000e+03; 9.090000e+02; 3.500000e+03; 1.367000e+03; 1.890000e+02; 5.221000e+03; 1.716000e+03; 3.531000e+03; 8.260000e+02; 1.398000e+03; 1.485000e+03; 3.397000e+03; 2.240000e+02; 8.870000e+02; 2.089000e+03; 3.680000e+02; 2.841000e+03; 2.540000e+02; 3.906000e+03; 7.880000e+02; 1.495000e+03; 2.243000e+03; 2.324000e+03; 3.551000e+03; 4.320000e+02; 1.275000e+03; 0.000000e+00; 7.580000e+02; 3.236000e+03; 4.436000e+03; 4.225000e+03; 2.830000e+02; 6.060000e+02; 8.480000e+02; 4.820000e+02; 3.590000e+02; 3.535000e+03; 9.590000e+02; 3.441000e+03; 1.037000e+03; 4.069000e+03; 1.210000e+03; 2.727000e+03; 7.010000e+02; 8.510000e+02; 7.020000e+02; 1.039000e+03; 8.790000e+02; 3.929000e+03; 7.770000e+02; 7.560000e+02; 3.493000e+03; 1.214000e+03; 1.311000e+03; 1.494000e+03; 1.570000e+03; 2.532000e+03; 
2.878000e+03; 5.990000e+02; 2.870000e+02; 2.884000e+03; 9.960000e+02; 6.400000e+02; 4.494000e+03; 1.112000e+03; 3.219000e+03; 4.550000e+02; 6.730000e+02; 1.225000e+03; 3.120000e+03; 9.680000e+02; 1.564000e+03; 1.362000e+03; 3.900000e+02; 2.470000e+03; 6.520000e+02; 3.487000e+03; 5.200000e+02; 8.750000e+02; 1.546000e+03; 2.058000e+03; 3.185000e+03; 5.190000e+02; 1.023000e+03; 7.580000e+02; 0.000000e+00; 2.865000e+03; 3.709000e+03; 3.036000e+03; 4.780000e+02; 1.293000e+03; 3.540000e+02; 2.740000e+02; 1.036000e+03; 2.808000e+03; 3.660000e+02; 3.070000e+03; 4.470000e+02; 3.342000e+03; 9.490000e+02; 2.356000e+03; 7.080000e+02; 8.370000e+02; 5.770000e+02; 3.670000e+02; 6.230000e+02; 3.325000e+03; 5.250000e+02; 5.230000e+02; 2.889000e+03; 6.310000e+02; 7.280000e+02; 1.635000e+03; 1.304000e+03; 2.266000e+03; 
3.070000e+02; 2.535000e+03; 2.575000e+03; 2.109000e+03; 1.863000e+03; 3.110000e+03; 6.265000e+03; 2.010000e+03; 3.430000e+02; 2.453000e+03; 3.173000e+03; 1.925000e+03; 2.110000e+02; 3.547000e+03; 4.099000e+03; 3.131000e+03; 2.866000e+03; 7.700000e+02; 3.165000e+03; 1.052000e+03; 3.380000e+03; 2.211000e+03; 1.545000e+03; 9.360000e+02; 3.720000e+02; 2.995000e+03; 2.004000e+03; 3.236000e+03; 2.865000e+03; 0.000000e+00; 5.480000e+03; 5.490000e+02; 3.434000e+03; 3.828000e+03; 2.529000e+03; 2.975000e+03; 3.579000e+03; 4.549000e+03; 2.860000e+03; 2.570000e+02; 2.392000e+03; 5.123000e+03; 2.204000e+03; 6.560000e+02; 3.730000e+03; 4.065000e+03; 2.527000e+03; 2.619000e+03; 2.354000e+03; 1.608000e+03; 2.444000e+03; 2.537000e+03; 1.172000e+03; 2.406000e+03; 2.305000e+03; 3.999000e+03; 1.684000e+03; 1.006000e+03; 
5.217000e+03; 3.860000e+03; 3.803000e+03; 5.298000e+03; 3.961000e+03; 4.341000e+03; 7.850000e+02; 3.482000e+03; 5.766000e+03; 4.041000e+03; 3.045000e+03; 5.166000e+03; 5.632000e+03; 4.648000e+03; 5.304000e+03; 2.357000e+03; 4.091000e+03; 5.113000e+03; 4.396000e+03; 5.893000e+03; 3.925000e+03; 3.289000e+03; 4.286000e+03; 4.929000e+03; 5.890000e+03; 4.215000e+03; 4.208000e+03; 4.436000e+03; 3.709000e+03; 5.480000e+03; 0.000000e+00; 5.991000e+03; 4.480000e+03; 4.971000e+03; 3.843000e+03; 3.962000e+03; 4.791000e+03; 9.010000e+02; 3.491000e+03; 5.687000e+03; 3.662000e+03; 1.445000e+03; 4.615000e+03; 4.999000e+03; 4.776000e+03; 5.106000e+03; 4.117000e+03; 3.568000e+03; 4.137000e+03; 5.695000e+03; 3.969000e+03; 3.986000e+03; 5.259000e+03; 3.514000e+03; 3.414000e+03; 5.045000e+03; 4.708000e+03; 4.619000e+03; 
7.990000e+02; 3.027000e+03; 3.067000e+03; 2.108000e+03; 2.355000e+03; 3.603000e+03; 6.776000e+03; 2.521000e+03; 2.280000e+02; 2.945000e+03; 3.684000e+03; 2.417000e+03; 3.660000e+02; 4.020000e+03; 4.591000e+03; 3.642000e+03; 3.359000e+03; 1.240000e+03; 3.658000e+03; 5.370000e+02; 3.872000e+03; 2.718000e+03; 2.037000e+03; 1.428000e+03; 1.900000e+02; 3.487000e+03; 2.496000e+03; 4.225000e+03; 3.036000e+03; 5.490000e+02; 5.991000e+03; 0.000000e+00; 3.926000e+03; 4.320000e+03; 3.021000e+03; 3.467000e+03; 4.171000e+03; 5.060000e+03; 3.352000e+03; 2.970000e+02; 2.884000e+03; 5.634000e+03; 2.696000e+03; 1.126000e+03; 4.222000e+03; 4.557000e+03; 3.008000e+03; 3.114000e+03; 2.846000e+03; 1.607000e+03; 2.936000e+03; 3.162000e+03; 1.171000e+03; 2.855000e+03; 2.918000e+03; 4.491000e+03; 2.176000e+03; 1.498000e+03; 
3.305000e+03; 1.407000e+03; 1.102000e+03; 3.643000e+03; 1.565000e+03; 4.890000e+02; 5.265000e+03; 1.839000e+03; 3.724000e+03; 1.019000e+03; 1.444000e+03; 1.678000e+03; 3.590000e+03; 1.760000e+02; 8.180000e+02; 2.133000e+03; 5.610000e+02; 3.039000e+03; 5.310000e+02; 4.108000e+03; 9.380000e+02; 1.634000e+03; 1.889000e+03; 2.517000e+03; 3.754000e+03; 7.090000e+02; 1.468000e+03; 2.830000e+02; 4.780000e+02; 3.434000e+03; 4.480000e+03; 3.926000e+03; 0.000000e+00; 5.470000e+02; 1.041000e+03; 6.750000e+02; 2.900000e+02; 3.579000e+03; 1.152000e+03; 3.639000e+03; 1.230000e+03; 4.113000e+03; 1.402000e+03; 2.925000e+03; 2.130000e+02; 4.350000e+02; 8.020000e+02; 1.232000e+03; 1.072000e+03; 4.052000e+03; 9.700000e+02; 9.490000e+02; 3.616000e+03; 1.407000e+03; 1.511000e+03; 4.130000e+02; 1.763000e+03; 2.725000e+03; 
3.716000e+03; 1.811000e+03; 1.505000e+03; 4.092000e+03; 1.959000e+03; 8.550000e+02; 5.756000e+03; 2.288000e+03; 4.128000e+03; 1.423000e+03; 1.935000e+03; 2.082000e+03; 4.004000e+03; 3.940000e+02; 2.620000e+02; 2.624000e+03; 9.650000e+02; 3.433000e+03; 7.300000e+02; 4.503000e+03; 1.200000e+03; 2.087000e+03; 2.293000e+03; 2.686000e+03; 4.148000e+03; 9.080000e+02; 1.637000e+03; 6.060000e+02; 1.293000e+03; 3.828000e+03; 4.971000e+03; 4.320000e+03; 5.470000e+02; 0.000000e+00; 1.444000e+03; 1.016000e+03; 2.570000e+02; 4.002000e+03; 1.493000e+03; 4.041000e+03; 1.638000e+03; 4.604000e+03; 1.802000e+03; 3.319000e+03; 3.540000e+02; 2.290000e+02; 1.356000e+03; 1.849000e+03; 1.475000e+03; 4.501000e+03; 1.139000e+03; 1.352000e+03; 4.065000e+03; 1.839000e+03; 1.931000e+03; 3.000000e+02; 1.932000e+03; 2.899000e+03; 
2.251000e+03; 3.590000e+02; 1.580000e+02; 2.934000e+03; 6.600000e+02; 7.300000e+02; 4.628000e+03; 1.000000e+03; 2.883000e+03; 7.500000e+01; 9.410000e+02; 8.710000e+02; 2.766000e+03; 1.153000e+03; 1.716000e+03; 1.491000e+03; 4.800000e+02; 2.134000e+03; 1.079000e+03; 3.201000e+03; 8.420000e+02; 7.740000e+02; 9.840000e+02; 1.841000e+03; 2.849000e+03; 6.090000e+02; 6.690000e+02; 8.480000e+02; 3.540000e+02; 2.529000e+03; 3.843000e+03; 3.021000e+03; 1.041000e+03; 1.444000e+03; 0.000000e+00; 5.940000e+02; 1.187000e+03; 2.942000e+03; 3.290000e+02; 2.734000e+03; 1.480000e+02; 3.476000e+03; 5.670000e+02; 2.020000e+03; 1.335000e+03; 1.672000e+03; 2.430000e+02; 2.870000e+02; 2.680000e+02; 3.213000e+03; 1.710000e+02; 1.070000e+02; 2.777000e+03; 3.150000e+02; 4.190000e+02; 1.606000e+03; 1.087000e+03; 2.049000e+03; 
2.878000e+03; 1.060000e+03; 4.390000e+02; 3.093000e+03; 1.106000e+03; 3.640000e+02; 4.747000e+03; 1.289000e+03; 3.277000e+03; 5.720000e+02; 9.260000e+02; 1.231000e+03; 3.134000e+03; 6.920000e+02; 1.350000e+03; 1.615000e+03; 1.140000e+02; 2.580000e+03; 3.740000e+02; 3.635000e+03; 5.240000e+02; 1.109000e+03; 1.542000e+03; 2.057000e+03; 3.295000e+03; 2.430000e+02; 1.022000e+03; 4.820000e+02; 2.740000e+02; 2.975000e+03; 3.962000e+03; 3.467000e+03; 6.750000e+02; 1.016000e+03; 5.940000e+02; 0.000000e+00; 7.590000e+02; 3.061000e+03; 7.050000e+02; 3.180000e+03; 6.350000e+02; 3.595000e+03; 9.710000e+02; 2.466000e+03; 9.680000e+02; 1.306000e+03; 5.060000e+02; 7.050000e+02; 6.250000e+02; 3.502000e+03; 5.240000e+02; 5.020000e+02; 3.066000e+03; 9.600000e+02; 1.064000e+03; 1.240000e+03; 1.303000e+03; 1.974000e+03; 
3.467000e+03; 1.557000e+03; 1.248000e+03; 3.843000e+03; 1.710000e+03; 5.980000e+02; 5.511000e+03; 2.039000e+03; 3.870000e+03; 1.165000e+03; 1.686000e+03; 1.824000e+03; 3.736000e+03; 1.370000e+02; 5.280000e+02; 2.379000e+03; 7.110000e+02; 3.184000e+03; 4.760000e+02; 4.249000e+03; 9.430000e+02; 1.838000e+03; 2.040000e+03; 2.806000e+03; 3.899000e+03; 6.390000e+02; 1.627000e+03; 3.590000e+02; 1.036000e+03; 3.579000e+03; 4.791000e+03; 4.171000e+03; 2.900000e+02; 2.570000e+02; 1.187000e+03; 7.590000e+02; 0.000000e+00; 3.825000e+03; 1.236000e+03; 3.784000e+03; 1.381000e+03; 4.359000e+03; 1.553000e+03; 3.070000e+03; 3.420000e+02; 4.920000e+02; 1.099000e+03; 1.592000e+03; 1.218000e+03; 4.252000e+03; 1.115000e+03; 1.095000e+03; 3.816000e+03; 1.560000e+03; 1.672000e+03; 6.340000e+02; 1.908000e+03; 2.570000e+03; 
4.316000e+03; 2.959000e+03; 2.902000e+03; 4.391000e+03; 3.060000e+03; 3.440000e+03; 1.686000e+03; 2.551000e+03; 4.835000e+03; 3.140000e+03; 2.149000e+03; 4.265000e+03; 4.701000e+03; 3.752000e+03; 4.408000e+03; 1.456000e+03; 3.190000e+03; 4.182000e+03; 3.495000e+03; 4.962000e+03; 3.024000e+03; 2.388000e+03; 3.385000e+03; 4.038000e+03; 4.959000e+03; 3.314000e+03; 3.307000e+03; 3.535000e+03; 2.808000e+03; 4.549000e+03; 9.010000e+02; 5.060000e+03; 3.579000e+03; 4.002000e+03; 2.942000e+03; 3.061000e+03; 3.825000e+03; 0.000000e+00; 2.590000e+03; 4.848000e+03; 2.761000e+03; 5.440000e+02; 3.481000e+03; 4.068000e+03; 3.875000e+03; 4.505000e+03; 3.145000e+03; 2.667000e+03; 3.236000e+03; 4.764000e+03; 3.073000e+03; 3.083000e+03; 4.328000e+03; 2.613000e+03; 2.513000e+03; 4.144000e+03; 3.590000e+03; 3.718000e+03; 
2.963000e+03; 3.940000e+02; 2.870000e+02; 2.763000e+03; 9.910000e+02; 8.410000e+02; 4.276000e+03; 9.550000e+02; 3.214000e+03; 5.600000e+02; 4.550000e+02; 1.290000e+03; 3.185000e+03; 1.169000e+03; 1.827000e+03; 1.144000e+03; 5.910000e+02; 2.465000e+03; 8.560000e+02; 3.366000e+03; 6.070000e+02; 7.540000e+02; 1.315000e+03; 2.123000e+03; 3.180000e+03; 7.200000e+02; 1.088000e+03; 9.590000e+02; 3.660000e+02; 2.860000e+03; 3.491000e+03; 3.352000e+03; 1.152000e+03; 1.493000e+03; 3.290000e+02; 7.050000e+02; 1.236000e+03; 2.590000e+03; 0.000000e+00; 3.065000e+03; 4.320000e+02; 3.124000e+03; 1.014000e+03; 2.351000e+03; 1.445000e+03; 1.783000e+03; 6.020000e+02; 3.450000e+02; 6.880000e+02; 3.168000e+03; 5.900000e+02; 4.880000e+02; 2.732000e+03; 4.980000e+02; 5.890000e+02; 1.717000e+03; 1.369000e+03; 2.331000e+03; 
5.120000e+02; 2.740000e+03; 2.780000e+03; 2.083000e+03; 2.068000e+03; 3.316000e+03; 6.472000e+03; 2.217000e+03; 1.840000e+02; 2.658000e+03; 3.380000e+03; 2.130000e+03; 1.350000e+02; 3.744000e+03; 4.306000e+03; 3.338000e+03; 3.072000e+03; 9.530000e+02; 3.371000e+03; 8.000000e+02; 3.585000e+03; 2.414000e+03; 1.750000e+03; 1.141000e+03; 1.250000e+02; 3.200000e+03; 2.209000e+03; 3.441000e+03; 3.070000e+03; 2.570000e+02; 5.687000e+03; 2.970000e+02; 3.639000e+03; 4.041000e+03; 2.734000e+03; 3.180000e+03; 3.784000e+03; 4.848000e+03; 3.065000e+03; 0.000000e+00; 2.597000e+03; 5.330000e+03; 2.409000e+03; 8.390000e+02; 3.935000e+03; 4.270000e+03; 2.721000e+03; 2.923000e+03; 2.559000e+03; 1.582000e+03; 2.649000e+03; 2.753000e+03; 1.146000e+03; 2.568000e+03; 2.651000e+03; 4.204000e+03; 1.889000e+03; 1.211000e+03; 
2.515000e+03; 9.800000e+01; 2.760000e+02; 2.543000e+03; 5.230000e+02; 9.190000e+02; 4.447000e+03; 7.150000e+02; 2.746000e+03; 2.270000e+02; 8.940000e+02; 1.019000e+03; 2.914000e+03; 1.301000e+03; 1.905000e+03; 1.310000e+03; 6.690000e+02; 1.997000e+03; 9.680000e+02; 3.064000e+03; 8.920000e+02; 6.070000e+02; 8.470000e+02; 1.849000e+03; 2.712000e+03; 7.980000e+02; 7.830000e+02; 1.037000e+03; 4.470000e+02; 2.392000e+03; 3.662000e+03; 2.884000e+03; 1.230000e+03; 1.638000e+03; 1.480000e+02; 6.350000e+02; 1.381000e+03; 2.761000e+03; 4.320000e+02; 2.597000e+03; 0.000000e+00; 3.294000e+03; 7.220000e+02; 1.883000e+03; 1.423000e+03; 1.783000e+03; 3.910000e+02; 1.920000e+02; 4.160000e+02; 2.928000e+03; 3.190000e+02; 2.170000e+02; 2.492000e+03; 1.840000e+02; 2.820000e+02; 1.795000e+03; 1.095000e+03; 2.042000e+03; 
4.850000e+03; 3.538000e+03; 3.436000e+03; 4.925000e+03; 3.594000e+03; 3.974000e+03; 2.230000e+03; 3.125000e+03; 4.875000e+03; 3.674000e+03; 2.688000e+03; 4.799000e+03; 5.274000e+03; 4.291000e+03; 4.947000e+03; 1.990000e+03; 3.724000e+03; 4.756000e+03; 4.029000e+03; 5.536000e+03; 3.558000e+03; 2.922000e+03; 3.919000e+03; 4.572000e+03; 5.533000e+03; 3.848000e+03; 3.841000e+03; 4.069000e+03; 3.342000e+03; 5.123000e+03; 1.445000e+03; 5.634000e+03; 4.113000e+03; 4.604000e+03; 3.476000e+03; 3.595000e+03; 4.359000e+03; 5.440000e+02; 3.124000e+03; 5.330000e+03; 3.294000e+03; 0.000000e+00; 4.015000e+03; 4.642000e+03; 4.409000e+03; 4.739000e+03; 3.750000e+03; 3.201000e+03; 3.770000e+03; 5.338000e+03; 3.607000e+03; 3.617000e+03; 4.902000e+03; 3.147000e+03; 3.047000e+03; 4.678000e+03; 4.124000e+03; 4.252000e+03; 
1.937000e+03; 8.560000e+02; 7.710000e+02; 3.236000e+03; 4.340000e+02; 1.063000e+03; 5.167000e+03; 1.145000e+03; 2.492000e+03; 5.020000e+02; 1.433000e+03; 2.790000e+02; 2.267000e+03; 1.420000e+03; 2.073000e+03; 2.035000e+03; 8.460000e+02; 1.834000e+03; 1.140000e+03; 2.804000e+03; 1.470000e+03; 1.348000e+03; 6.000000e+02; 1.275000e+03; 2.524000e+03; 9.690000e+02; 1.840000e+02; 1.210000e+03; 9.490000e+02; 2.204000e+03; 4.615000e+03; 2.696000e+03; 1.402000e+03; 1.802000e+03; 5.670000e+02; 9.710000e+02; 1.553000e+03; 3.481000e+03; 1.014000e+03; 2.409000e+03; 7.220000e+02; 4.015000e+03; 0.000000e+00; 1.720000e+03; 1.698000e+03; 2.037000e+03; 5.540000e+02; 8.520000e+02; 3.390000e+02; 3.004000e+03; 4.290000e+02; 5.330000e+02; 2.571000e+03; 8.890000e+02; 9.930000e+02; 1.967000e+03; 5.270000e+02; 1.123000e+03; 
3.670000e+02; 2.026000e+03; 2.066000e+03; 2.107000e+03; 1.354000e+03; 2.620000e+03; 5.784000e+03; 1.529000e+03; 9.250000e+02; 1.944000e+03; 2.692000e+03; 1.441000e+03; 8.150000e+02; 3.047000e+03; 3.590000e+03; 2.650000e+03; 2.379000e+03; 1.140000e+02; 2.678000e+03; 1.385000e+03; 2.871000e+03; 1.726000e+03; 1.061000e+03; 4.520000e+02; 9.540000e+02; 2.486000e+03; 1.524000e+03; 2.727000e+03; 2.356000e+03; 6.560000e+02; 4.999000e+03; 1.126000e+03; 2.925000e+03; 3.319000e+03; 2.020000e+03; 2.466000e+03; 3.070000e+03; 4.068000e+03; 2.351000e+03; 8.390000e+02; 1.883000e+03; 4.642000e+03; 1.720000e+03; 0.000000e+00; 3.221000e+03; 3.556000e+03; 2.274000e+03; 2.235000e+03; 1.870000e+03; 1.601000e+03; 1.954000e+03; 1.960000e+03; 1.170000e+03; 1.854000e+03; 1.917000e+03; 3.490000e+03; 1.226000e+03; 5.220000e+02; 
3.601000e+03; 1.710000e+03; 1.395000e+03; 3.939000e+03; 1.861000e+03; 9.400000e+02; 5.561000e+03; 2.131000e+03; 4.017000e+03; 1.312000e+03; 1.740000e+03; 1.971000e+03; 3.883000e+03; 4.790000e+02; 5.620000e+02; 2.429000e+03; 8.540000e+02; 3.335000e+03; 8.060000e+02; 4.401000e+03; 1.288000e+03; 1.930000e+03; 2.182000e+03; 2.805000e+03; 4.050000e+03; 9.840000e+02; 1.756000e+03; 7.010000e+02; 7.080000e+02; 3.730000e+03; 4.776000e+03; 4.222000e+03; 2.130000e+02; 3.540000e+02; 1.335000e+03; 9.680000e+02; 3.420000e+02; 3.875000e+03; 1.445000e+03; 3.935000e+03; 1.423000e+03; 4.409000e+03; 1.698000e+03; 3.221000e+03; 0.000000e+00; 2.730000e+02; 1.340000e+03; 1.525000e+03; 1.355000e+03; 4.344000e+03; 1.258000e+03; 9.420000e+02; 3.908000e+03; 1.700000e+03; 1.798000e+03; 3.120000e+02; 2.051000e+03; 3.033000e+03; 
3.936000e+03; 1.733000e+03; 1.740000e+03; 4.274000e+03; 2.196000e+03; 1.090000e+03; 5.891000e+03; 2.466000e+03; 4.362000e+03; 1.650000e+03; 2.070000e+03; 2.309000e+03; 4.221000e+03; 6.290000e+02; 6.070000e+02; 2.759000e+03; 1.192000e+03; 3.670000e+03; 9.600000e+02; 4.739000e+03; 1.438000e+03; 2.265000e+03; 2.510000e+03; 3.143000e+03; 4.385000e+03; 1.138000e+03; 2.094000e+03; 8.510000e+02; 8.370000e+02; 4.065000e+03; 5.106000e+03; 4.557000e+03; 4.350000e+02; 2.290000e+02; 1.672000e+03; 1.306000e+03; 4.920000e+02; 4.505000e+03; 1.783000e+03; 4.270000e+03; 1.783000e+03; 4.739000e+03; 2.037000e+03; 3.556000e+03; 2.730000e+02; 0.000000e+00; 1.668000e+03; 1.863000e+03; 1.693000e+03; 4.679000e+03; 1.596000e+03; 1.580000e+03; 4.243000e+03; 2.038000e+03; 2.134000e+03; 2.540000e+02; 2.389000e+03; 3.351000e+03; 
2.430000e+03; 5.080000e+02; 4.070000e+02; 3.008000e+03; 6.580000e+02; 7.220000e+02; 4.902000e+03; 1.087000e+03; 2.985000e+03; 1.700000e+02; 1.081000e+03; 7.720000e+02; 2.667000e+03; 1.059000e+03; 1.717000e+03; 1.770000e+03; 3.920000e+02; 2.388000e+03; 6.910000e+02; 3.199000e+03; 1.118000e+03; 9.910000e+02; 1.093000e+03; 1.610000e+03; 2.836000e+03; 5.280000e+02; 5.700000e+02; 7.020000e+02; 5.770000e+02; 2.527000e+03; 4.117000e+03; 3.008000e+03; 8.020000e+02; 1.356000e+03; 2.430000e+02; 5.060000e+02; 1.099000e+03; 3.145000e+03; 6.020000e+02; 2.721000e+03; 3.910000e+02; 3.750000e+03; 5.540000e+02; 2.274000e+03; 1.340000e+03; 1.668000e+03; 0.000000e+00; 5.200000e+02; 8.600000e+01; 3.299000e+03; 7.200000e+01; 1.700000e+02; 2.864000e+03; 5.580000e+02; 6.620000e+02; 1.489000e+03; 8.560000e+02; 1.434000e+03; 
2.691000e+03; 1.940000e+02; 2.790000e+02; 2.522000e+03; 7.500000e+02; 9.210000e+02; 4.353000e+03; 7.180000e+02; 2.973000e+03; 3.830000e+02; 6.960000e+02; 1.148000e+03; 3.043000e+03; 1.249000e+03; 2.093000e+03; 1.216000e+03; 6.710000e+02; 2.349000e+03; 9.780000e+02; 3.129000e+03; 7.420000e+02; 5.170000e+02; 1.074000e+03; 2.020000e+03; 2.939000e+03; 8.000000e+02; 9.460000e+02; 1.039000e+03; 3.670000e+02; 2.619000e+03; 3.568000e+03; 3.114000e+03; 1.232000e+03; 1.849000e+03; 2.870000e+02; 7.050000e+02; 1.592000e+03; 2.667000e+03; 3.450000e+02; 2.923000e+03; 1.920000e+02; 3.201000e+03; 8.520000e+02; 2.235000e+03; 1.525000e+03; 1.863000e+03; 5.200000e+02; 0.000000e+00; 5.430000e+02; 2.931000e+03; 4.480000e+02; 3.420000e+02; 2.495000e+03; 2.390000e+02; 2.880000e+02; 1.797000e+03; 1.266000e+03; 1.878000e+03; 
2.087000e+03; 5.320000e+02; 3.340000e+02; 3.006000e+03; 5.630000e+02; 7.610000e+02; 4.922000e+03; 1.083000e+03; 2.831000e+03; 1.690000e+02; 1.101000e+03; 6.180000e+02; 2.606000e+03; 1.079000e+03; 1.742000e+03; 1.790000e+03; 5.110000e+02; 1.984000e+03; 8.100000e+02; 3.032000e+03; 1.143000e+03; 9.830000e+02; 8.870000e+02; 1.612000e+03; 2.644000e+03; 6.400000e+02; 5.230000e+02; 8.790000e+02; 6.230000e+02; 2.354000e+03; 4.137000e+03; 2.846000e+03; 1.072000e+03; 1.475000e+03; 2.680000e+02; 6.250000e+02; 1.218000e+03; 3.236000e+03; 6.880000e+02; 2.559000e+03; 4.160000e+02; 3.770000e+03; 3.390000e+02; 1.870000e+03; 1.355000e+03; 1.693000e+03; 8.600000e+01; 5.430000e+02; 0.000000e+00; 3.295000e+03; 9.700000e+01; 1.990000e+02; 2.859000e+03; 5.880000e+02; 6.920000e+02; 1.637000e+03; 8.580000e+02; 1.339000e+03; 
