Recursion step 0:
Costs:
0.000000e+00; 1.530000e+02; 5.600000e+02; 7.060000e+02; 9.660000e+02; 5.810000e+02; 4.550000e+02; 7.000000e+01; 1.600000e+02; 3.720000e+02; 1.690000e+02; 5.000000e+02; 3.420000e+02; 4.260000e+02; 
1.530000e+02; 0.000000e+00; 4.590000e+02; 6.640000e+02; 9.970000e+02; 5.980000e+02; 5.070000e+02; 1.970000e+02; 3.110000e+02; 4.790000e+02; 3.160000e+02; 4.960000e+02; 4.170000e+02; 3.790000e+02; 
5.600000e+02; 4.590000e+02; 0.000000e+00; 3.140000e+02; 7.880000e+02; 4.500000e+02; 5.060000e+02; 5.470000e+02; 7.010000e+02; 9.270000e+02; 7.200000e+02; 3.420000e+02; 5.250000e+02; 2.110000e+02; 
7.060000e+02; 6.640000e+02; 3.140000e+02; 0.000000e+00; 4.910000e+02; 2.650000e+02; 4.100000e+02; 6.640000e+02; 8.040000e+02; 1.070000e+03; 8.310000e+02; 2.390000e+02; 4.990000e+02; 2.860000e+02; 
9.660000e+02; 9.970000e+02; 7.880000e+02; 4.910000e+02; 0.000000e+00; 4.000000e+02; 5.140000e+02; 9.020000e+02; 9.900000e+02; 1.261000e+03; 1.021000e+03; 5.130000e+02; 6.350000e+02; 6.670000e+02; 
5.810000e+02; 5.980000e+02; 4.500000e+02; 2.650000e+02; 4.000000e+02; 0.000000e+00; 1.680000e+02; 5.220000e+02; 6.340000e+02; 9.100000e+02; 6.650000e+02; 1.200000e+02; 2.840000e+02; 2.810000e+02; 
4.550000e+02; 5.070000e+02; 5.060000e+02; 4.100000e+02; 5.140000e+02; 1.680000e+02; 0.000000e+00; 3.890000e+02; 4.820000e+02; 7.570000e+02; 5.130000e+02; 1.850000e+02; 1.240000e+02; 2.990000e+02; 
7.000000e+01; 1.970000e+02; 5.470000e+02; 6.640000e+02; 9.020000e+02; 5.220000e+02; 3.890000e+02; 0.000000e+00; 1.540000e+02; 4.060000e+02; 1.750000e+02; 4.480000e+02; 2.730000e+02; 3.930000e+02; 
1.600000e+02; 3.110000e+02; 7.010000e+02; 8.040000e+02; 9.900000e+02; 6.340000e+02; 4.820000e+02; 1.540000e+02; 0.000000e+00; 2.760000e+02; 3.200000e+01; 5.780000e+02; 3.580000e+02; 5.420000e+02; 
3.720000e+02; 4.790000e+02; 9.270000e+02; 1.070000e+03; 1.261000e+03; 9.100000e+02; 7.570000e+02; 4.060000e+02; 2.760000e+02; 0.000000e+00; 2.460000e+02; 8.500000e+02; 6.330000e+02; 7.960000e+02; 
1.690000e+02; 3.160000e+02; 7.200000e+02; 8.310000e+02; 1.021000e+03; 6.650000e+02; 5.130000e+02; 1.750000e+02; 3.200000e+01; 2.460000e+02; 0.000000e+00; 6.070000e+02; 3.890000e+02; 5.660000e+02; 
5.000000e+02; 4.960000e+02; 3.420000e+02; 2.390000e+02; 5.130000e+02; 1.200000e+02; 1.850000e+02; 4.480000e+02; 5.780000e+02; 8.500000e+02; 6.070000e+02; 0.000000e+00; 2.610000e+02; 1.620000e+02; 
3.420000e+02; 4.170000e+02; 5.250000e+02; 4.990000e+02; 6.350000e+02; 2.840000e+02; 1.240000e+02; 2.730000e+02; 3.580000e+02; 6.330000e+02; 3.890000e+02; 2.610000e+02; 0.000000e+00; 3.150000e+02; 
4.260000e+02; 3.790000e+02; 2.110000e+02; 2.860000e+02; 6.670000e+02; 2.810000e+02; 2.990000e+02; 3.930000e+02; 5.420000e+02; 7.960000e+02; 5.660000e+02; 1.620000e+02; 3.150000e+02; 0.000000e+00; 
Recursion step 1:
Costs:
0.000000e+00; 5.600000e+02; 9.970000e+02; 5.980000e+02; 5.070000e+02; 4.790000e+02; 
5.600000e+02; 0.000000e+00; 7.880000e+02; 4.500000e+02; 5.250000e+02; 9.270000e+02; 
9.970000e+02; 7.880000e+02; 0.000000e+00; 5.130000e+02; 6.350000e+02; 1.261000e+03; 
5.980000e+02; 4.500000e+02; 5.130000e+02; 0.000000e+00; 2.840000e+02; 9.100000e+02; 
5.070000e+02; 5.250000e+02; 6.350000e+02; 2.840000e+02; 0.000000e+00; 7.570000e+02; 
4.790000e+02; 9.270000e+02; 1.261000e+03; 9.100000e+02; 7.570000e+02; 0.000000e+00; 
Recursion step 2:
Costs:
0.000000e+00; 9.270000e+02; 1.261000e+03; 
9.270000e+02; 0.000000e+00; 7.880000e+02; 
1.261000e+03; 7.880000e+02; 0.000000e+00; 
