Recursion step 0:
Costs:
0.000000e+00; 0.000000e+00; 8.000000e+00; 3.900000e+01; 3.700000e+01; 5.000000e+01; 6.100000e+01; 5.800000e+01; 5.900000e+01; 6.200000e+01; 8.100000e+01; 1.030000e+02; 1.080000e+02; 1.450000e+02; 1.810000e+02; 1.870000e+02; 1.610000e+02; 1.420000e+02; 1.740000e+02; 1.850000e+02; 1.640000e+02; 1.370000e+02; 1.170000e+02; 1.140000e+02; 8.500000e+01; 7.700000e+01; 8.700000e+01; 9.100000e+01; 1.050000e+02; 1.110000e+02; 9.100000e+01; 8.300000e+01; 8.900000e+01; 9.500000e+01; 7.400000e+01; 6.700000e+01; 7.400000e+01; 5.700000e+01; 4.500000e+01; 3.500000e+01; 2.900000e+01; 3.000000e+00; 
0.000000e+00; 0.000000e+00; 0.000000e+00; 4.500000e+01; 4.700000e+01; 4.900000e+01; 6.200000e+01; 6.000000e+01; 6.000000e+01; 6.600000e+01; 8.100000e+01; 1.070000e+02; 1.170000e+02; 1.490000e+02; 1.850000e+02; 1.910000e+02; 1.700000e+02; 1.460000e+02; 1.780000e+02; 1.860000e+02; 1.650000e+02; 1.390000e+02; 1.220000e+02; 1.180000e+02; 8.900000e+01; 8.000000e+01; 8.900000e+01; 9.300000e+01; 1.060000e+02; 1.130000e+02; 9.200000e+01; 8.500000e+01; 9.100000e+01; 9.700000e+01; 8.100000e+01; 6.900000e+01; 7.600000e+01; 5.900000e+01; 4.600000e+01; 3.700000e+01; 3.300000e+01; 1.100000e+01; 
8.000000e+00; 0.000000e+00; 0.000000e+00; 0.000000e+00; 9.000000e+00; 2.100000e+01; 2.100000e+01; 1.600000e+01; 1.500000e+01; 2.000000e+01; 4.000000e+01; 6.200000e+01; 6.600000e+01; 1.040000e+02; 1.400000e+02; 1.460000e+02; 1.200000e+02; 1.010000e+02; 1.330000e+02; 1.420000e+02; 1.200000e+02; 9.400000e+01; 7.700000e+01; 7.300000e+01; 4.400000e+01; 3.600000e+01; 4.400000e+01; 4.800000e+01; 6.200000e+01; 6.900000e+01; 5.000000e+01; 4.200000e+01; 5.500000e+01; 6.400000e+01; 4.400000e+01; 4.200000e+01; 6.100000e+01; 4.600000e+01; 4.100000e+01; 3.500000e+01; 3.000000e+01; 4.100000e+01; 
3.900000e+01; 4.500000e+01; 0.000000e+00; 0.000000e+00; 0.000000e+00; 1.500000e+01; 2.000000e+01; 1.700000e+01; 2.000000e+01; 2.500000e+01; 4.400000e+01; 6.700000e+01; 7.100000e+01; 1.080000e+02; 1.440000e+02; 1.500000e+02; 1.240000e+02; 1.040000e+02; 1.380000e+02; 1.430000e+02; 1.230000e+02; 9.600000e+01; 8.000000e+01; 7.800000e+01; 4.800000e+01; 4.000000e+01; 4.600000e+01; 5.000000e+01; 6.300000e+01; 7.100000e+01; 5.100000e+01; 4.300000e+01; 5.500000e+01; 6.300000e+01; 4.300000e+01; 4.100000e+01; 6.000000e+01; 4.100000e+01; 3.400000e+01; 2.600000e+01; 2.100000e+01; 3.700000e+01; 
3.700000e+01; 4.700000e+01; 9.000000e+00; 0.000000e+00; 0.000000e+00; 0.000000e+00; 1.700000e+01; 1.800000e+01; 2.600000e+01; 3.100000e+01; 5.000000e+01; 7.200000e+01; 7.700000e+01; 1.140000e+02; 1.500000e+02; 1.560000e+02; 1.300000e+02; 1.110000e+02; 1.430000e+02; 1.400000e+02; 1.240000e+02; 9.400000e+01; 8.300000e+01; 8.400000e+01; 5.300000e+01; 4.600000e+01; 4.600000e+01; 4.800000e+01; 6.400000e+01; 6.600000e+01; 4.600000e+01; 3.800000e+01; 5.000000e+01; 5.600000e+01; 3.500000e+01; 3.100000e+01; 4.200000e+01; 2.500000e+01; 2.000000e+01; 1.800000e+01; 1.800000e+01; 4.700000e+01; 
5.000000e+01; 4.900000e+01; 2.100000e+01; 1.500000e+01; 0.000000e+00; 0.000000e+00; 0.000000e+00; 6.000000e+00; 1.700000e+01; 2.200000e+01; 4.100000e+01; 6.300000e+01; 6.800000e+01; 1.060000e+02; 1.420000e+02; 1.420000e+02; 1.150000e+02; 9.700000e+01; 1.290000e+02; 1.300000e+02; 1.060000e+02; 8.000000e+01; 6.800000e+01; 6.900000e+01; 4.100000e+01; 3.400000e+01; 3.000000e+01; 3.400000e+01; 4.700000e+01; 5.100000e+01; 3.000000e+01; 2.200000e+01; 3.400000e+01; 4.200000e+01; 2.300000e+01; 2.500000e+01; 4.400000e+01; 3.000000e+01; 3.400000e+01; 3.400000e+01; 3.500000e+01; 5.700000e+01; 
6.100000e+01; 6.200000e+01; 2.100000e+01; 2.000000e+01; 1.700000e+01; 0.000000e+00; 0.000000e+00; 0.000000e+00; 1.000000e+01; 1.500000e+01; 3.500000e+01; 5.700000e+01; 6.100000e+01; 9.900000e+01; 1.350000e+02; 1.370000e+02; 1.100000e+02; 9.100000e+01; 1.230000e+02; 1.260000e+02; 1.060000e+02; 7.800000e+01; 6.200000e+01; 6.300000e+01; 3.400000e+01; 2.700000e+01; 2.800000e+01; 3.200000e+01; 4.600000e+01; 5.300000e+01; 3.400000e+01; 2.600000e+01; 3.900000e+01; 4.900000e+01; 3.000000e+01; 3.200000e+01; 5.100000e+01; 3.600000e+01; 3.800000e+01; 3.600000e+01; 3.300000e+01; 5.500000e+01; 
5.800000e+01; 6.000000e+01; 1.600000e+01; 1.700000e+01; 1.800000e+01; 6.000000e+00; 0.000000e+00; 0.000000e+00; 0.000000e+00; 5.000000e+00; 2.400000e+01; 4.600000e+01; 5.100000e+01; 8.800000e+01; 1.240000e+02; 1.300000e+02; 1.040000e+02; 8.500000e+01; 1.170000e+02; 1.240000e+02; 1.050000e+02; 7.700000e+01; 6.000000e+01; 5.700000e+01; 2.800000e+01; 1.900000e+01; 2.900000e+01; 3.300000e+01; 4.900000e+01; 5.600000e+01; 3.800000e+01; 3.200000e+01; 4.400000e+01; 5.600000e+01; 3.900000e+01; 4.100000e+01; 6.000000e+01; 4.700000e+01; 4.800000e+01; 4.600000e+01; 4.000000e+01; 5.800000e+01; 
5.900000e+01; 6.000000e+01; 1.500000e+01; 2.000000e+01; 2.600000e+01; 1.700000e+01; 1.000000e+01; 0.000000e+00; 0.000000e+00; 0.000000e+00; 2.000000e+01; 4.100000e+01; 4.600000e+01; 8.400000e+01; 1.200000e+02; 1.250000e+02; 1.050000e+02; 8.600000e+01; 1.180000e+02; 1.280000e+02; 1.100000e+02; 8.400000e+01; 6.100000e+01; 5.900000e+01; 2.900000e+01; 2.100000e+01; 3.200000e+01; 3.600000e+01; 5.400000e+01; 6.100000e+01; 4.300000e+01; 3.600000e+01; 4.900000e+01; 6.000000e+01; 4.400000e+01; 4.600000e+01; 6.600000e+01; 5.200000e+01; 5.300000e+01; 5.100000e+01; 4.500000e+01; 6.300000e+01; 
6.200000e+01; 6.600000e+01; 2.000000e+01; 2.500000e+01; 3.100000e+01; 2.200000e+01; 1.500000e+01; 5.000000e+00; 0.000000e+00; 0.000000e+00; 0.000000e+00; 2.300000e+01; 2.600000e+01; 6.300000e+01; 9.900000e+01; 1.050000e+02; 9.000000e+01; 7.500000e+01; 1.070000e+02; 1.180000e+02; 1.040000e+02; 7.700000e+01; 5.000000e+01; 4.800000e+01; 2.200000e+01; 1.400000e+01; 2.700000e+01; 3.000000e+01; 4.800000e+01; 5.700000e+01; 4.900000e+01; 5.100000e+01; 6.300000e+01; 7.500000e+01; 6.200000e+01; 6.400000e+01; 8.300000e+01; 7.100000e+01; 7.300000e+01; 7.000000e+01; 6.500000e+01; 8.300000e+01; 
8.100000e+01; 8.100000e+01; 4.000000e+01; 4.400000e+01; 5.000000e+01; 4.100000e+01; 3.500000e+01; 2.400000e+01; 2.000000e+01; 0.000000e+00; 0.000000e+00; 0.000000e+00; 1.100000e+01; 4.900000e+01; 8.500000e+01; 9.000000e+01; 7.200000e+01; 5.100000e+01; 8.300000e+01; 9.300000e+01; 8.600000e+01; 5.600000e+01; 3.400000e+01; 2.800000e+01; 2.300000e+01; 2.900000e+01; 3.600000e+01; 3.400000e+01; 4.600000e+01; 5.900000e+01; 6.000000e+01; 6.300000e+01; 7.600000e+01; 8.600000e+01; 7.800000e+01; 8.300000e+01; 1.020000e+02; 9.300000e+01; 9.600000e+01; 9.300000e+01; 8.700000e+01; 1.050000e+02; 
1.030000e+02; 1.070000e+02; 6.200000e+01; 6.700000e+01; 7.200000e+01; 6.300000e+01; 5.700000e+01; 4.600000e+01; 4.100000e+01; 2.300000e+01; 0.000000e+00; 0.000000e+00; 0.000000e+00; 4.000000e+01; 7.600000e+01; 8.100000e+01; 6.200000e+01; 5.900000e+01; 8.400000e+01; 1.010000e+02; 9.700000e+01; 6.400000e+01; 4.200000e+01; 3.600000e+01; 3.500000e+01; 4.000000e+01; 4.700000e+01; 4.500000e+01; 5.900000e+01; 7.100000e+01; 7.100000e+01; 7.500000e+01; 8.700000e+01; 9.700000e+01; 8.900000e+01; 9.000000e+01; 1.100000e+02; 9.800000e+01; 9.900000e+01; 9.700000e+01; 9.100000e+01; 1.090000e+02; 
1.080000e+02; 1.170000e+02; 6.600000e+01; 7.100000e+01; 7.700000e+01; 6.800000e+01; 6.100000e+01; 5.100000e+01; 4.600000e+01; 2.600000e+01; 1.100000e+01; 0.000000e+00; 0.000000e+00; 0.000000e+00; 3.500000e+01; 4.100000e+01; 3.400000e+01; 2.900000e+01; 5.400000e+01; 7.200000e+01; 7.100000e+01; 6.500000e+01; 4.900000e+01; 4.300000e+01; 6.900000e+01; 7.700000e+01; 7.800000e+01; 7.700000e+01; 8.500000e+01; 9.600000e+01; 1.030000e+02; 1.060000e+02; 1.200000e+02; 1.260000e+02; 1.210000e+02; 1.300000e+02; 1.470000e+02; 1.360000e+02; 1.370000e+02; 1.340000e+02; 1.170000e+02; 1.470000e+02; 
1.450000e+02; 1.490000e+02; 1.040000e+02; 1.080000e+02; 1.140000e+02; 1.060000e+02; 9.900000e+01; 8.800000e+01; 8.400000e+01; 6.300000e+01; 4.900000e+01; 4.000000e+01; 0.000000e+00; 0.000000e+00; 0.000000e+00; 1.000000e+01; 3.100000e+01; 5.300000e+01; 4.600000e+01; 6.900000e+01; 9.300000e+01; 9.000000e+01; 8.200000e+01; 7.700000e+01; 1.050000e+02; 1.140000e+02; 1.160000e+02; 1.150000e+02; 1.190000e+02; 1.300000e+02; 1.410000e+02; 1.420000e+02; 1.550000e+02; 1.600000e+02; 1.590000e+02; 1.640000e+02; 1.850000e+02; 1.720000e+02; 1.760000e+02; 1.710000e+02; 1.660000e+02; 1.860000e+02; 
1.810000e+02; 1.850000e+02; 1.400000e+02; 1.440000e+02; 1.500000e+02; 1.420000e+02; 1.350000e+02; 1.240000e+02; 1.200000e+02; 9.900000e+01; 8.500000e+01; 7.600000e+01; 3.500000e+01; 0.000000e+00; 0.000000e+00; 0.000000e+00; 2.700000e+01; 4.800000e+01; 3.500000e+01; 5.800000e+01; 8.200000e+01; 8.700000e+01; 7.700000e+01; 7.200000e+01; 1.020000e+02; 1.110000e+02; 1.120000e+02; 1.100000e+02; 1.150000e+02; 1.260000e+02; 1.360000e+02; 1.400000e+02; 1.500000e+02; 1.550000e+02; 1.550000e+02; 1.600000e+02; 1.790000e+02; 1.720000e+02; 1.780000e+02; 1.760000e+02; 1.710000e+02; 1.880000e+02; 
1.870000e+02; 1.910000e+02; 1.460000e+02; 1.500000e+02; 1.560000e+02; 1.420000e+02; 1.370000e+02; 1.300000e+02; 1.250000e+02; 1.050000e+02; 9.000000e+01; 8.100000e+01; 4.100000e+01; 1.000000e+01; 0.000000e+00; 0.000000e+00; 0.000000e+00; 2.100000e+01; 2.600000e+01; 5.800000e+01; 6.200000e+01; 5.800000e+01; 6.000000e+01; 4.500000e+01; 7.400000e+01; 8.400000e+01; 8.400000e+01; 8.300000e+01; 8.800000e+01; 9.800000e+01; 1.090000e+02; 1.120000e+02; 1.230000e+02; 1.280000e+02; 1.270000e+02; 1.330000e+02; 1.550000e+02; 1.480000e+02; 1.510000e+02; 1.510000e+02; 1.440000e+02; 1.640000e+02; 
1.610000e+02; 1.700000e+02; 1.200000e+02; 1.240000e+02; 1.300000e+02; 1.150000e+02; 1.100000e+02; 1.040000e+02; 1.050000e+02; 9.000000e+01; 7.200000e+01; 6.200000e+01; 3.400000e+01; 3.100000e+01; 2.700000e+01; 0.000000e+00; 0.000000e+00; 0.000000e+00; 3.100000e+01; 4.300000e+01; 4.200000e+01; 3.600000e+01; 3.000000e+01; 2.700000e+01; 5.600000e+01; 6.400000e+01; 6.600000e+01; 6.300000e+01; 6.600000e+01; 7.500000e+01; 9.000000e+01; 9.300000e+01; 1.000000e+02; 1.040000e+02; 1.080000e+02; 1.140000e+02; 1.330000e+02; 1.260000e+02; 1.310000e+02; 1.290000e+02; 1.250000e+02; 1.440000e+02; 
1.420000e+02; 1.460000e+02; 1.010000e+02; 1.040000e+02; 1.110000e+02; 9.700000e+01; 9.100000e+01; 8.500000e+01; 8.600000e+01; 7.500000e+01; 5.100000e+01; 5.900000e+01; 2.900000e+01; 5.300000e+01; 4.800000e+01; 2.100000e+01; 0.000000e+00; 0.000000e+00; 0.000000e+00; 2.600000e+01; 4.500000e+01; 6.800000e+01; 6.200000e+01; 5.900000e+01; 8.800000e+01; 9.600000e+01; 9.800000e+01; 9.700000e+01; 9.800000e+01; 9.800000e+01; 1.150000e+02; 1.260000e+02; 1.230000e+02; 1.280000e+02; 1.360000e+02; 1.460000e+02; 1.590000e+02; 1.580000e+02; 1.630000e+02; 1.610000e+02; 1.570000e+02; 1.760000e+02; 
1.740000e+02; 1.780000e+02; 1.330000e+02; 1.380000e+02; 1.430000e+02; 1.290000e+02; 1.230000e+02; 1.170000e+02; 1.180000e+02; 1.070000e+02; 8.300000e+01; 8.400000e+01; 5.400000e+01; 4.600000e+01; 3.500000e+01; 2.600000e+01; 3.100000e+01; 0.000000e+00; 0.000000e+00; 0.000000e+00; 2.200000e+01; 5.000000e+01; 7.000000e+01; 6.900000e+01; 9.900000e+01; 1.070000e+02; 9.500000e+01; 9.100000e+01; 7.900000e+01; 8.500000e+01; 9.900000e+01; 1.080000e+02; 1.090000e+02; 1.130000e+02; 1.240000e+02; 1.340000e+02; 1.460000e+02; 1.470000e+02; 1.590000e+02; 1.630000e+02; 1.560000e+02; 1.820000e+02; 
1.850000e+02; 1.860000e+02; 1.420000e+02; 1.430000e+02; 1.400000e+02; 1.300000e+02; 1.260000e+02; 1.240000e+02; 1.280000e+02; 1.180000e+02; 9.300000e+01; 1.010000e+02; 7.200000e+01; 6.900000e+01; 5.800000e+01; 5.800000e+01; 4.300000e+01; 2.600000e+01; 0.000000e+00; 0.000000e+00; 0.000000e+00; 3.000000e+01; 4.900000e+01; 5.500000e+01; 8.100000e+01; 8.700000e+01; 7.500000e+01; 7.200000e+01; 5.900000e+01; 6.200000e+01; 8.100000e+01; 8.800000e+01; 8.600000e+01; 9.000000e+01; 1.010000e+02; 1.110000e+02; 1.220000e+02; 1.240000e+02; 1.350000e+02; 1.390000e+02; 1.390000e+02; 1.610000e+02; 
1.640000e+02; 1.650000e+02; 1.200000e+02; 1.230000e+02; 1.240000e+02; 1.060000e+02; 1.060000e+02; 1.050000e+02; 1.100000e+02; 1.040000e+02; 8.600000e+01; 9.700000e+01; 7.100000e+01; 9.300000e+01; 8.200000e+01; 6.200000e+01; 4.200000e+01; 4.500000e+01; 2.200000e+01; 0.000000e+00; 0.000000e+00; 0.000000e+00; 2.100000e+01; 2.700000e+01; 5.400000e+01; 6.000000e+01; 4.700000e+01; 4.400000e+01; 3.100000e+01; 3.800000e+01; 5.300000e+01; 6.000000e+01; 6.200000e+01; 6.700000e+01; 7.500000e+01; 8.500000e+01; 9.800000e+01; 1.210000e+02; 1.080000e+02; 1.180000e+02; 1.130000e+02; 1.340000e+02; 
1.370000e+02; 1.390000e+02; 9.400000e+01; 9.600000e+01; 9.400000e+01; 8.000000e+01; 7.800000e+01; 7.700000e+01; 8.400000e+01; 7.700000e+01; 5.600000e+01; 6.400000e+01; 6.500000e+01; 9.000000e+01; 8.700000e+01; 5.800000e+01; 3.600000e+01; 6.800000e+01; 5.000000e+01; 3.000000e+01; 0.000000e+00; 0.000000e+00; 0.000000e+00; 5.000000e+00; 3.200000e+01; 4.000000e+01; 3.600000e+01; 3.200000e+01; 3.600000e+01; 4.700000e+01; 6.100000e+01; 6.400000e+01; 7.100000e+01; 7.600000e+01; 7.900000e+01; 8.400000e+01; 1.050000e+02; 9.700000e+01; 1.020000e+02; 1.020000e+02; 9.500000e+01; 1.190000e+02; 
1.170000e+02; 1.220000e+02; 7.700000e+01; 8.000000e+01; 8.300000e+01; 6.800000e+01; 6.200000e+01; 6.000000e+01; 6.100000e+01; 5.000000e+01; 3.400000e+01; 4.200000e+01; 4.900000e+01; 8.200000e+01; 7.700000e+01; 6.000000e+01; 3.000000e+01; 6.200000e+01; 7.000000e+01; 4.900000e+01; 2.100000e+01; 0.000000e+00; 0.000000e+00; 0.000000e+00; 2.900000e+01; 3.700000e+01; 3.900000e+01; 3.600000e+01; 4.200000e+01; 5.300000e+01; 6.200000e+01; 6.600000e+01; 7.800000e+01; 8.200000e+01; 8.100000e+01; 8.600000e+01; 1.070000e+02; 9.900000e+01; 1.030000e+02; 1.010000e+02; 9.700000e+01; 1.160000e+02; 
1.140000e+02; 1.180000e+02; 7.300000e+01; 7.800000e+01; 8.400000e+01; 6.900000e+01; 6.300000e+01; 5.700000e+01; 5.900000e+01; 4.800000e+01; 2.800000e+01; 3.600000e+01; 4.300000e+01; 7.700000e+01; 7.200000e+01; 4.500000e+01; 2.700000e+01; 5.900000e+01; 6.900000e+01; 5.500000e+01; 2.700000e+01; 5.000000e+00; 0.000000e+00; 0.000000e+00; 0.000000e+00; 8.000000e+00; 1.200000e+01; 9.000000e+00; 2.800000e+01; 3.900000e+01; 3.600000e+01; 3.900000e+01; 5.200000e+01; 6.200000e+01; 5.400000e+01; 5.900000e+01; 7.900000e+01; 7.100000e+01; 7.300000e+01; 7.100000e+01; 6.700000e+01; 8.600000e+01; 
8.500000e+01; 8.900000e+01; 4.400000e+01; 4.800000e+01; 5.300000e+01; 4.100000e+01; 3.400000e+01; 2.800000e+01; 2.900000e+01; 2.200000e+01; 2.300000e+01; 3.500000e+01; 6.900000e+01; 1.050000e+02; 1.020000e+02; 7.400000e+01; 5.600000e+01; 8.800000e+01; 9.900000e+01; 8.100000e+01; 5.400000e+01; 3.200000e+01; 2.900000e+01; 0.000000e+00; 0.000000e+00; 0.000000e+00; 1.100000e+01; 1.500000e+01; 3.300000e+01; 4.200000e+01; 3.400000e+01; 3.600000e+01; 4.900000e+01; 5.900000e+01; 5.000000e+01; 5.200000e+01; 7.100000e+01; 6.500000e+01; 6.700000e+01; 6.500000e+01; 6.000000e+01; 7.800000e+01; 
7.700000e+01; 8.000000e+01; 3.600000e+01; 4.000000e+01; 4.600000e+01; 3.400000e+01; 2.700000e+01; 1.900000e+01; 2.100000e+01; 1.400000e+01; 2.900000e+01; 4.000000e+01; 7.700000e+01; 1.140000e+02; 1.110000e+02; 8.400000e+01; 6.400000e+01; 9.600000e+01; 1.070000e+02; 8.700000e+01; 6.000000e+01; 4.000000e+01; 3.700000e+01; 8.000000e+00; 0.000000e+00; 0.000000e+00; 0.000000e+00; 3.000000e+00; 2.100000e+01; 2.900000e+01; 2.400000e+01; 2.700000e+01; 3.900000e+01; 4.900000e+01; 4.200000e+01; 4.700000e+01; 6.600000e+01; 5.900000e+01; 6.400000e+01; 6.500000e+01; 6.200000e+01; 8.400000e+01; 
8.700000e+01; 8.900000e+01; 4.400000e+01; 4.600000e+01; 4.600000e+01; 3.000000e+01; 2.800000e+01; 2.900000e+01; 3.200000e+01; 2.700000e+01; 3.600000e+01; 4.700000e+01; 7.800000e+01; 1.160000e+02; 1.120000e+02; 8.400000e+01; 6.600000e+01; 9.800000e+01; 9.500000e+01; 7.500000e+01; 4.700000e+01; 3.600000e+01; 3.900000e+01; 1.200000e+01; 1.100000e+01; 0.000000e+00; 0.000000e+00; 0.000000e+00; 2.000000e+01; 3.000000e+01; 2.800000e+01; 3.100000e+01; 4.400000e+01; 5.300000e+01; 4.600000e+01; 5.100000e+01; 7.000000e+01; 6.300000e+01; 6.900000e+01; 7.000000e+01; 6.700000e+01; 8.800000e+01; 
9.100000e+01; 9.300000e+01; 4.800000e+01; 5.000000e+01; 4.800000e+01; 3.400000e+01; 3.200000e+01; 3.300000e+01; 3.600000e+01; 3.000000e+01; 3.400000e+01; 4.500000e+01; 7.700000e+01; 1.150000e+02; 1.100000e+02; 8.300000e+01; 6.300000e+01; 9.700000e+01; 9.100000e+01; 7.200000e+01; 4.400000e+01; 3.200000e+01; 3.600000e+01; 9.000000e+00; 1.500000e+01; 3.000000e+00; 0.000000e+00; 0.000000e+00; 0.000000e+00; 1.200000e+01; 2.000000e+01; 2.800000e+01; 3.500000e+01; 4.000000e+01; 4.300000e+01; 5.300000e+01; 7.000000e+01; 6.700000e+01; 7.500000e+01; 8.400000e+01; 7.900000e+01; 1.010000e+02; 
1.050000e+02; 1.060000e+02; 6.200000e+01; 6.300000e+01; 6.400000e+01; 4.700000e+01; 4.600000e+01; 4.900000e+01; 5.400000e+01; 4.800000e+01; 4.600000e+01; 5.900000e+01; 8.500000e+01; 1.190000e+02; 1.150000e+02; 8.800000e+01; 6.600000e+01; 9.800000e+01; 7.900000e+01; 5.900000e+01; 3.100000e+01; 3.600000e+01; 4.200000e+01; 2.800000e+01; 3.300000e+01; 2.100000e+01; 2.000000e+01; 0.000000e+00; 0.000000e+00; 0.000000e+00; 2.000000e+01; 2.800000e+01; 2.400000e+01; 2.900000e+01; 3.900000e+01; 4.900000e+01; 6.000000e+01; 6.200000e+01; 7.200000e+01; 7.800000e+01; 8.200000e+01; 1.080000e+02; 
1.110000e+02; 1.130000e+02; 6.900000e+01; 7.100000e+01; 6.600000e+01; 5.100000e+01; 5.300000e+01; 5.600000e+01; 6.100000e+01; 5.700000e+01; 5.900000e+01; 7.100000e+01; 9.600000e+01; 1.300000e+02; 1.260000e+02; 9.800000e+01; 7.500000e+01; 9.800000e+01; 8.500000e+01; 6.200000e+01; 3.800000e+01; 4.700000e+01; 5.300000e+01; 3.900000e+01; 4.200000e+01; 2.900000e+01; 3.000000e+01; 1.200000e+01; 0.000000e+00; 0.000000e+00; 0.000000e+00; 8.000000e+00; 1.500000e+01; 2.500000e+01; 2.300000e+01; 3.200000e+01; 4.800000e+01; 4.600000e+01; 5.400000e+01; 5.800000e+01; 6.200000e+01; 8.800000e+01; 
9.100000e+01; 9.200000e+01; 5.000000e+01; 5.100000e+01; 4.600000e+01; 3.000000e+01; 3.400000e+01; 3.800000e+01; 4.300000e+01; 4.900000e+01; 6.000000e+01; 7.100000e+01; 1.030000e+02; 1.410000e+02; 1.360000e+02; 1.090000e+02; 9.000000e+01; 1.150000e+02; 9.900000e+01; 8.100000e+01; 5.300000e+01; 6.100000e+01; 6.200000e+01; 3.600000e+01; 3.400000e+01; 2.400000e+01; 2.800000e+01; 2.000000e+01; 2.000000e+01; 0.000000e+00; 0.000000e+00; 0.000000e+00; 1.200000e+01; 2.300000e+01; 1.400000e+01; 2.400000e+01; 4.000000e+01; 3.800000e+01; 4.600000e+01; 5.000000e+01; 5.300000e+01; 8.000000e+01; 
8.300000e+01; 8.500000e+01; 4.200000e+01; 4.300000e+01; 3.800000e+01; 2.200000e+01; 2.600000e+01; 3.200000e+01; 3.600000e+01; 5.100000e+01; 6.300000e+01; 7.500000e+01; 1.060000e+02; 1.420000e+02; 1.400000e+02; 1.120000e+02; 9.300000e+01; 1.260000e+02; 1.080000e+02; 8.800000e+01; 6.000000e+01; 6.400000e+01; 6.600000e+01; 3.900000e+01; 3.600000e+01; 2.700000e+01; 3.100000e+01; 2.800000e+01; 2.800000e+01; 8.000000e+00; 0.000000e+00; 0.000000e+00; 0.000000e+00; 1.100000e+01; 1.400000e+01; 2.400000e+01; 3.600000e+01; 3.700000e+01; 4.900000e+01; 5.600000e+01; 5.900000e+01; 8.600000e+01; 
8.900000e+01; 9.100000e+01; 5.500000e+01; 5.500000e+01; 5.000000e+01; 3.400000e+01; 3.900000e+01; 4.400000e+01; 4.900000e+01; 6.300000e+01; 7.600000e+01; 8.700000e+01; 1.200000e+02; 1.550000e+02; 1.500000e+02; 1.230000e+02; 1.000000e+02; 1.230000e+02; 1.090000e+02; 8.600000e+01; 6.200000e+01; 7.100000e+01; 7.800000e+01; 5.200000e+01; 4.900000e+01; 3.900000e+01; 4.400000e+01; 3.500000e+01; 2.400000e+01; 1.500000e+01; 1.200000e+01; 0.000000e+00; 0.000000e+00; 0.000000e+00; 2.100000e+01; 3.000000e+01; 3.300000e+01; 4.300000e+01; 5.400000e+01; 6.200000e+01; 6.600000e+01; 9.200000e+01; 
9.500000e+01; 9.700000e+01; 6.400000e+01; 6.300000e+01; 5.600000e+01; 4.200000e+01; 4.900000e+01; 5.600000e+01; 6.000000e+01; 7.500000e+01; 8.600000e+01; 9.700000e+01; 1.260000e+02; 1.600000e+02; 1.550000e+02; 1.280000e+02; 1.040000e+02; 1.280000e+02; 1.130000e+02; 9.000000e+01; 6.700000e+01; 7.600000e+01; 8.200000e+01; 6.200000e+01; 5.900000e+01; 4.900000e+01; 5.300000e+01; 4.000000e+01; 2.900000e+01; 2.500000e+01; 2.300000e+01; 1.100000e+01; 0.000000e+00; 0.000000e+00; 0.000000e+00; 9.000000e+00; 2.500000e+01; 2.300000e+01; 3.400000e+01; 4.100000e+01; 4.500000e+01; 7.100000e+01; 
7.400000e+01; 8.100000e+01; 4.400000e+01; 4.300000e+01; 3.500000e+01; 2.300000e+01; 3.000000e+01; 3.900000e+01; 4.400000e+01; 6.200000e+01; 7.800000e+01; 8.900000e+01; 1.210000e+02; 1.590000e+02; 1.550000e+02; 1.270000e+02; 1.080000e+02; 1.360000e+02; 1.240000e+02; 1.010000e+02; 7.500000e+01; 7.900000e+01; 8.100000e+01; 5.400000e+01; 5.000000e+01; 4.200000e+01; 4.600000e+01; 4.300000e+01; 3.900000e+01; 2.300000e+01; 1.400000e+01; 1.400000e+01; 2.100000e+01; 0.000000e+00; 0.000000e+00; 0.000000e+00; 1.800000e+01; 1.300000e+01; 2.400000e+01; 3.200000e+01; 3.800000e+01; 6.400000e+01; 
6.700000e+01; 6.900000e+01; 4.200000e+01; 4.100000e+01; 3.100000e+01; 2.500000e+01; 3.200000e+01; 4.100000e+01; 4.600000e+01; 6.400000e+01; 8.300000e+01; 9.000000e+01; 1.300000e+02; 1.640000e+02; 1.600000e+02; 1.330000e+02; 1.140000e+02; 1.460000e+02; 1.340000e+02; 1.110000e+02; 8.500000e+01; 8.400000e+01; 8.600000e+01; 5.900000e+01; 5.200000e+01; 4.700000e+01; 5.100000e+01; 5.300000e+01; 4.900000e+01; 3.200000e+01; 2.400000e+01; 2.400000e+01; 3.000000e+01; 9.000000e+00; 0.000000e+00; 0.000000e+00; 0.000000e+00; 1.700000e+01; 2.900000e+01; 3.800000e+01; 4.500000e+01; 7.100000e+01; 
7.400000e+01; 7.600000e+01; 6.100000e+01; 6.000000e+01; 4.200000e+01; 4.400000e+01; 5.100000e+01; 6.000000e+01; 6.600000e+01; 8.300000e+01; 1.020000e+02; 1.100000e+02; 1.470000e+02; 1.850000e+02; 1.790000e+02; 1.550000e+02; 1.330000e+02; 1.590000e+02; 1.460000e+02; 1.220000e+02; 9.800000e+01; 1.050000e+02; 1.070000e+02; 7.900000e+01; 7.100000e+01; 6.600000e+01; 7.000000e+01; 7.000000e+01; 6.000000e+01; 4.800000e+01; 4.000000e+01; 3.600000e+01; 3.300000e+01; 2.500000e+01; 1.800000e+01; 0.000000e+00; 0.000000e+00; 0.000000e+00; 1.200000e+01; 2.100000e+01; 2.700000e+01; 5.400000e+01; 
5.700000e+01; 5.900000e+01; 4.600000e+01; 4.100000e+01; 2.500000e+01; 3.000000e+01; 3.600000e+01; 4.700000e+01; 5.200000e+01; 7.100000e+01; 9.300000e+01; 9.800000e+01; 1.360000e+02; 1.720000e+02; 1.720000e+02; 1.480000e+02; 1.260000e+02; 1.580000e+02; 1.470000e+02; 1.240000e+02; 1.210000e+02; 9.700000e+01; 9.900000e+01; 7.100000e+01; 6.500000e+01; 5.900000e+01; 6.300000e+01; 6.700000e+01; 6.200000e+01; 4.600000e+01; 3.800000e+01; 3.700000e+01; 4.300000e+01; 2.300000e+01; 1.300000e+01; 1.700000e+01; 0.000000e+00; 0.000000e+00; 0.000000e+00; 9.000000e+00; 1.500000e+01; 4.100000e+01; 
4.500000e+01; 4.600000e+01; 4.100000e+01; 3.400000e+01; 2.000000e+01; 3.400000e+01; 3.800000e+01; 4.800000e+01; 5.300000e+01; 7.300000e+01; 9.600000e+01; 9.900000e+01; 1.370000e+02; 1.760000e+02; 1.780000e+02; 1.510000e+02; 1.310000e+02; 1.630000e+02; 1.590000e+02; 1.350000e+02; 1.080000e+02; 1.020000e+02; 1.030000e+02; 7.300000e+01; 6.700000e+01; 6.400000e+01; 6.900000e+01; 7.500000e+01; 7.200000e+01; 5.400000e+01; 4.600000e+01; 4.900000e+01; 5.400000e+01; 3.400000e+01; 2.400000e+01; 2.900000e+01; 1.200000e+01; 0.000000e+00; 0.000000e+00; 0.000000e+00; 6.000000e+00; 3.200000e+01; 
3.500000e+01; 3.700000e+01; 3.500000e+01; 2.600000e+01; 1.800000e+01; 3.400000e+01; 3.600000e+01; 4.600000e+01; 5.100000e+01; 7.000000e+01; 9.300000e+01; 9.700000e+01; 1.340000e+02; 1.710000e+02; 1.760000e+02; 1.510000e+02; 1.290000e+02; 1.610000e+02; 1.630000e+02; 1.390000e+02; 1.180000e+02; 1.020000e+02; 1.010000e+02; 7.100000e+01; 6.500000e+01; 6.500000e+01; 7.000000e+01; 8.400000e+01; 7.800000e+01; 5.800000e+01; 5.000000e+01; 5.600000e+01; 6.200000e+01; 4.100000e+01; 3.200000e+01; 3.800000e+01; 2.100000e+01; 9.000000e+00; 0.000000e+00; 0.000000e+00; 0.000000e+00; 2.500000e+01; 
2.900000e+01; 3.300000e+01; 3.000000e+01; 2.100000e+01; 1.800000e+01; 3.500000e+01; 3.300000e+01; 4.000000e+01; 4.500000e+01; 6.500000e+01; 8.700000e+01; 9.100000e+01; 1.170000e+02; 1.660000e+02; 1.710000e+02; 1.440000e+02; 1.250000e+02; 1.570000e+02; 1.560000e+02; 1.390000e+02; 1.130000e+02; 9.500000e+01; 9.700000e+01; 6.700000e+01; 6.000000e+01; 6.200000e+01; 6.700000e+01; 7.900000e+01; 8.200000e+01; 6.200000e+01; 5.300000e+01; 5.900000e+01; 6.600000e+01; 4.500000e+01; 3.800000e+01; 4.500000e+01; 2.700000e+01; 1.500000e+01; 6.000000e+00; 0.000000e+00; 0.000000e+00; 0.000000e+00; 
3.000000e+00; 1.100000e+01; 4.100000e+01; 3.700000e+01; 4.700000e+01; 5.700000e+01; 5.500000e+01; 5.800000e+01; 6.300000e+01; 8.300000e+01; 1.050000e+02; 1.090000e+02; 1.470000e+02; 1.860000e+02; 1.880000e+02; 1.640000e+02; 1.440000e+02; 1.760000e+02; 1.820000e+02; 1.610000e+02; 1.340000e+02; 1.190000e+02; 1.160000e+02; 8.600000e+01; 7.800000e+01; 8.400000e+01; 8.800000e+01; 1.010000e+02; 1.080000e+02; 8.800000e+01; 8.000000e+01; 8.600000e+01; 9.200000e+01; 7.100000e+01; 6.400000e+01; 7.100000e+01; 5.400000e+01; 4.100000e+01; 3.200000e+01; 2.500000e+01; 0.000000e+00; 0.000000e+00; 
Recursion step 1:
Costs:
0.000000e+00; 2.300000e+01; 4.575000e+01; 6.025000e+01; 6.175000e+01; 9.300000e+01; 1.297500e+02; 1.860000e+02; 1.547500e+02; 1.807500e+02; 1.512500e+02; 1.177500e+02; 8.275000e+01; 9.000000e+01; 1.087500e+02; 8.775000e+01; 9.300000e+01; 7.275000e+01; 6.650000e+01; 4.075000e+01; 1.900000e+01; 
2.300000e+01; 0.000000e+00; 1.125000e+01; 1.850000e+01; 2.000000e+01; 5.325000e+01; 8.725000e+01; 1.450000e+02; 1.122500e+02; 1.390000e+02; 1.082500e+02; 7.700000e+01; 4.200000e+01; 4.700000e+01; 6.625000e+01; 4.650000e+01; 5.925000e+01; 4.250000e+01; 5.200000e+01; 3.400000e+01; 3.225000e+01; 
4.575000e+01; 1.125000e+01; 0.000000e+00; 1.025000e+01; 2.400000e+01; 5.650000e+01; 9.125000e+01; 1.475000e+02; 1.132500e+02; 1.355000e+02; 1.010000e+02; 7.600000e+01; 4.350000e+01; 3.950000e+01; 5.700000e+01; 3.400000e+01; 4.550000e+01; 2.850000e+01; 3.525000e+01; 2.650000e+01; 3.925000e+01; 
6.025000e+01; 1.850000e+01; 1.025000e+01; 0.000000e+00; 7.500000e+00; 4.050000e+01; 7.475000e+01; 1.315000e+02; 9.750000e+01; 1.225000e+02; 9.150000e+01; 6.050000e+01; 2.700000e+01; 3.050000e+01; 5.100000e+01; 3.250000e+01; 4.700000e+01; 3.550000e+01; 4.850000e+01; 4.200000e+01; 4.650000e+01; 
6.175000e+01; 2.000000e+01; 2.400000e+01; 7.500000e+00; 0.000000e+00; 2.100000e+01; 5.475000e+01; 1.122500e+02; 8.900000e+01; 1.177500e+02; 9.375000e+01; 5.450000e+01; 2.150000e+01; 3.125000e+01; 5.500000e+01; 4.475000e+01; 6.175000e+01; 5.400000e+01; 6.800000e+01; 6.175000e+01; 6.400000e+01; 
9.300000e+01; 5.325000e+01; 5.650000e+01; 4.050000e+01; 2.100000e+01; 0.000000e+00; 2.500000e+01; 8.300000e+01; 6.100000e+01; 9.025000e+01; 7.575000e+01; 3.500000e+01; 3.175000e+01; 4.050000e+01; 5.875000e+01; 6.725000e+01; 8.650000e+01; 8.500000e+01; 1.007500e+02; 9.625000e+01; 9.800000e+01; 
1.297500e+02; 8.725000e+01; 9.125000e+01; 7.475000e+01; 5.475000e+01; 2.500000e+01; 0.000000e+00; 2.150000e+01; 3.675000e+01; 6.025000e+01; 7.975000e+01; 6.275000e+01; 9.125000e+01; 9.650000e+01; 1.075000e+02; 1.230000e+02; 1.402500e+02; 1.435000e+02; 1.600000e+02; 1.545000e+02; 1.540000e+02; 
1.860000e+02; 1.450000e+02; 1.475000e+02; 1.315000e+02; 1.122500e+02; 8.300000e+01; 2.150000e+01; 0.000000e+00; 2.400000e+01; 4.425000e+01; 7.225000e+01; 6.350000e+01; 9.275000e+01; 9.725000e+01; 1.067500e+02; 1.242500e+02; 1.390000e+02; 1.437500e+02; 1.635000e+02; 1.640000e+02; 1.667500e+02; 
1.547500e+02; 1.122500e+02; 1.132500e+02; 9.750000e+01; 8.900000e+01; 6.100000e+01; 3.675000e+01; 2.400000e+01; 0.000000e+00; 2.500000e+01; 4.775000e+01; 4.450000e+01; 7.600000e+01; 8.100000e+01; 8.425000e+01; 1.060000e+02; 1.137500e+02; 1.260000e+02; 1.440000e+02; 1.460000e+02; 1.505000e+02; 
1.807500e+02; 1.390000e+02; 1.355000e+02; 1.225000e+02; 1.177500e+02; 9.025000e+01; 6.025000e+01; 4.425000e+01; 2.500000e+01; 0.000000e+00; 2.550000e+01; 6.075000e+01; 9.350000e+01; 8.325000e+01; 7.125000e+01; 9.400000e+01; 9.950000e+01; 1.175000e+02; 1.347500e+02; 1.490000e+02; 1.595000e+02; 
1.512500e+02; 1.082500e+02; 1.010000e+02; 9.150000e+01; 9.375000e+01; 7.575000e+01; 7.975000e+01; 7.225000e+01; 4.775000e+01; 2.550000e+01; 0.000000e+00; 1.325000e+01; 4.650000e+01; 3.975000e+01; 3.800000e+01; 5.950000e+01; 6.900000e+01; 8.075000e+01; 1.052500e+02; 1.075000e+02; 1.152500e+02; 
1.177500e+02; 7.700000e+01; 7.600000e+01; 6.050000e+01; 5.450000e+01; 3.500000e+01; 6.275000e+01; 6.350000e+01; 4.450000e+01; 6.075000e+01; 1.325000e+01; 0.000000e+00; 1.850000e+01; 2.400000e+01; 4.050000e+01; 5.075000e+01; 6.850000e+01; 7.000000e+01; 8.900000e+01; 8.700000e+01; 9.150000e+01; 
8.275000e+01; 4.200000e+01; 4.350000e+01; 2.700000e+01; 2.150000e+01; 3.175000e+01; 9.125000e+01; 9.275000e+01; 7.600000e+01; 9.350000e+01; 4.650000e+01; 1.850000e+01; 0.000000e+00; 7.250000e+00; 3.125000e+01; 3.025000e+01; 4.900000e+01; 4.775000e+01; 6.525000e+01; 6.525000e+01; 7.100000e+01; 
9.000000e+01; 4.700000e+01; 3.950000e+01; 3.050000e+01; 3.125000e+01; 4.050000e+01; 9.650000e+01; 9.725000e+01; 8.100000e+01; 8.325000e+01; 3.975000e+01; 2.400000e+01; 7.250000e+00; 0.000000e+00; 1.550000e+01; 2.675000e+01; 4.300000e+01; 4.825000e+01; 6.750000e+01; 7.450000e+01; 8.375000e+01; 
1.087500e+02; 6.625000e+01; 5.700000e+01; 5.100000e+01; 5.500000e+01; 5.875000e+01; 1.075000e+02; 1.067500e+02; 8.425000e+01; 7.125000e+01; 3.800000e+01; 4.050000e+01; 3.125000e+01; 1.550000e+01; 0.000000e+00; 1.400000e+01; 2.325000e+01; 3.575000e+01; 5.400000e+01; 6.550000e+01; 8.500000e+01; 
8.775000e+01; 4.650000e+01; 3.400000e+01; 3.250000e+01; 4.475000e+01; 6.725000e+01; 1.230000e+02; 1.242500e+02; 1.060000e+02; 9.400000e+01; 5.950000e+01; 5.075000e+01; 3.025000e+01; 2.675000e+01; 1.400000e+01; 0.000000e+00; 1.150000e+01; 1.900000e+01; 3.775000e+01; 5.025000e+01; 6.950000e+01; 
9.300000e+01; 5.925000e+01; 4.550000e+01; 4.700000e+01; 6.175000e+01; 8.650000e+01; 1.402500e+02; 1.390000e+02; 1.137500e+02; 9.950000e+01; 6.900000e+01; 6.850000e+01; 4.900000e+01; 4.300000e+01; 2.325000e+01; 1.150000e+01; 0.000000e+00; 1.500000e+01; 3.100000e+01; 4.775000e+01; 6.850000e+01; 
7.275000e+01; 4.250000e+01; 2.850000e+01; 3.550000e+01; 5.400000e+01; 8.500000e+01; 1.435000e+02; 1.437500e+02; 1.260000e+02; 1.175000e+02; 8.075000e+01; 7.000000e+01; 4.775000e+01; 4.825000e+01; 3.575000e+01; 1.900000e+01; 1.500000e+01; 0.000000e+00; 1.200000e+01; 3.075000e+01; 5.450000e+01; 
6.650000e+01; 5.200000e+01; 3.525000e+01; 4.850000e+01; 6.800000e+01; 1.007500e+02; 1.600000e+02; 1.635000e+02; 1.440000e+02; 1.347500e+02; 1.052500e+02; 8.900000e+01; 6.525000e+01; 6.750000e+01; 5.400000e+01; 3.775000e+01; 3.100000e+01; 1.200000e+01; 0.000000e+00; 1.050000e+01; 3.425000e+01; 
4.075000e+01; 3.400000e+01; 2.650000e+01; 4.200000e+01; 6.175000e+01; 9.625000e+01; 1.545000e+02; 1.640000e+02; 1.460000e+02; 1.490000e+02; 1.075000e+02; 8.700000e+01; 6.525000e+01; 7.450000e+01; 6.550000e+01; 5.025000e+01; 4.775000e+01; 3.075000e+01; 1.050000e+01; 0.000000e+00; 1.575000e+01; 
1.900000e+01; 3.225000e+01; 3.925000e+01; 4.650000e+01; 6.400000e+01; 9.800000e+01; 1.540000e+02; 1.667500e+02; 1.505000e+02; 1.595000e+02; 1.152500e+02; 9.150000e+01; 7.100000e+01; 8.375000e+01; 8.500000e+01; 6.950000e+01; 6.850000e+01; 5.450000e+01; 3.425000e+01; 1.575000e+01; 0.000000e+00; 
Recursion step 2:
Costs:
0.000000e+00; 4.116667e+01; 7.918750e+01; 1.591250e+02; 1.613750e+02; 1.189375e+02; 8.187500e+01; 8.775000e+01; 7.218750e+01; 3.931250e+01; 
4.116667e+01; 0.000000e+00; 3.362500e+01; 1.128750e+02; 1.200000e+02; 8.570833e+01; 3.825000e+01; 4.787500e+01; 4.304167e+01; 3.970833e+01; 
7.918750e+01; 3.362500e+01; 0.000000e+00; 6.875000e+01; 8.950000e+01; 6.475000e+01; 3.125000e+01; 5.643750e+01; 7.181250e+01; 8.168750e+01; 
1.591250e+02; 1.128750e+02; 6.875000e+01; 0.000000e+00; 4.131250e+01; 6.956250e+01; 9.443750e+01; 1.153750e+02; 1.416250e+02; 1.605000e+02; 
1.613750e+02; 1.200000e+02; 8.950000e+01; 4.131250e+01; 0.000000e+00; 4.462500e+01; 8.343750e+01; 8.887500e+01; 1.141875e+02; 1.434375e+02; 
1.189375e+02; 8.570833e+01; 6.475000e+01; 6.956250e+01; 4.462500e+01; 0.000000e+00; 3.218750e+01; 4.718750e+01; 7.206250e+01; 9.718750e+01; 
8.187500e+01; 3.825000e+01; 3.125000e+01; 9.443750e+01; 8.343750e+01; 3.218750e+01; 0.000000e+00; 2.593750e+01; 4.700000e+01; 6.812500e+01; 
8.775000e+01; 4.787500e+01; 5.643750e+01; 1.153750e+02; 8.887500e+01; 4.718750e+01; 2.593750e+01; 0.000000e+00; 2.237500e+01; 5.187500e+01; 
7.218750e+01; 4.304167e+01; 7.181250e+01; 1.416250e+02; 1.141875e+02; 7.206250e+01; 4.700000e+01; 2.237500e+01; 0.000000e+00; 3.037500e+01; 
3.931250e+01; 3.970833e+01; 8.168750e+01; 1.605000e+02; 1.434375e+02; 9.718750e+01; 6.812500e+01; 5.187500e+01; 3.037500e+01; 0.000000e+00; 
