Recursion step 0:
Costs:
0.000000e+00; 0.000000e+00; 6.330000e+02; 2.570000e+02; 9.100000e+01; 4.120000e+02; 1.500000e+02; 8.000000e+01; 1.340000e+02; 2.590000e+02; 5.050000e+02; 3.530000e+02; 3.240000e+02; 7.000000e+01; 2.110000e+02; 2.680000e+02; 2.460000e+02; 
0.000000e+00; 0.000000e+00; 0.000000e+00; 3.900000e+02; 6.610000e+02; 2.270000e+02; 4.880000e+02; 5.720000e+02; 5.300000e+02; 5.550000e+02; 2.890000e+02; 2.820000e+02; 6.380000e+02; 5.670000e+02; 4.660000e+02; 4.200000e+02; 7.450000e+02; 
6.330000e+02; 0.000000e+00; 0.000000e+00; 0.000000e+00; 2.280000e+02; 1.690000e+02; 1.120000e+02; 1.960000e+02; 1.540000e+02; 3.720000e+02; 2.620000e+02; 1.100000e+02; 4.370000e+02; 1.910000e+02; 7.400000e+01; 5.300000e+01; 4.720000e+02; 
2.570000e+02; 3.900000e+02; 0.000000e+00; 0.000000e+00; 0.000000e+00; 3.830000e+02; 1.200000e+02; 7.700000e+01; 1.050000e+02; 1.750000e+02; 4.760000e+02; 3.240000e+02; 2.400000e+02; 2.700000e+01; 1.820000e+02; 2.390000e+02; 2.370000e+02; 
9.100000e+01; 6.610000e+02; 2.280000e+02; 0.000000e+00; 0.000000e+00; 0.000000e+00; 2.670000e+02; 3.510000e+02; 3.090000e+02; 3.380000e+02; 1.960000e+02; 6.100000e+01; 4.210000e+02; 3.460000e+02; 2.430000e+02; 1.990000e+02; 5.280000e+02; 
4.120000e+02; 2.270000e+02; 1.690000e+02; 3.830000e+02; 0.000000e+00; 0.000000e+00; 0.000000e+00; 6.300000e+01; 3.400000e+01; 2.640000e+02; 3.600000e+02; 2.080000e+02; 3.290000e+02; 8.300000e+01; 1.050000e+02; 1.230000e+02; 3.640000e+02; 
1.500000e+02; 4.880000e+02; 1.120000e+02; 1.200000e+02; 2.670000e+02; 0.000000e+00; 0.000000e+00; 0.000000e+00; 2.900000e+01; 2.320000e+02; 4.440000e+02; 2.920000e+02; 2.970000e+02; 4.700000e+01; 1.500000e+02; 2.070000e+02; 3.320000e+02; 
8.000000e+01; 5.720000e+02; 1.960000e+02; 7.700000e+01; 3.510000e+02; 6.300000e+01; 0.000000e+00; 0.000000e+00; 0.000000e+00; 2.490000e+02; 4.020000e+02; 2.500000e+02; 3.140000e+02; 6.800000e+01; 1.080000e+02; 1.650000e+02; 3.490000e+02; 
1.340000e+02; 5.300000e+02; 1.540000e+02; 1.050000e+02; 3.090000e+02; 3.400000e+01; 2.900000e+01; 0.000000e+00; 0.000000e+00; 0.000000e+00; 4.950000e+02; 3.520000e+02; 9.500000e+01; 1.890000e+02; 3.260000e+02; 3.830000e+02; 2.020000e+02; 
2.590000e+02; 5.550000e+02; 3.720000e+02; 1.750000e+02; 3.380000e+02; 2.640000e+02; 2.320000e+02; 2.490000e+02; 0.000000e+00; 0.000000e+00; 0.000000e+00; 1.540000e+02; 5.780000e+02; 4.390000e+02; 3.360000e+02; 2.400000e+02; 6.850000e+02; 
5.050000e+02; 2.890000e+02; 2.620000e+02; 4.760000e+02; 1.960000e+02; 3.600000e+02; 4.440000e+02; 4.020000e+02; 4.950000e+02; 0.000000e+00; 0.000000e+00; 0.000000e+00; 4.350000e+02; 2.870000e+02; 1.840000e+02; 1.400000e+02; 5.420000e+02; 
3.530000e+02; 2.820000e+02; 1.100000e+02; 3.240000e+02; 6.100000e+01; 2.080000e+02; 2.920000e+02; 2.500000e+02; 3.520000e+02; 1.540000e+02; 0.000000e+00; 0.000000e+00; 0.000000e+00; 2.540000e+02; 3.910000e+02; 4.480000e+02; 1.570000e+02; 
3.240000e+02; 6.380000e+02; 4.370000e+02; 2.400000e+02; 4.210000e+02; 3.290000e+02; 2.970000e+02; 3.140000e+02; 9.500000e+01; 5.780000e+02; 4.350000e+02; 0.000000e+00; 0.000000e+00; 0.000000e+00; 1.450000e+02; 2.020000e+02; 2.890000e+02; 
7.000000e+01; 5.670000e+02; 1.910000e+02; 2.700000e+01; 3.460000e+02; 8.300000e+01; 4.700000e+01; 6.800000e+01; 1.890000e+02; 4.390000e+02; 2.870000e+02; 2.540000e+02; 0.000000e+00; 0.000000e+00; 0.000000e+00; 5.700000e+01; 4.260000e+02; 
2.110000e+02; 4.660000e+02; 7.400000e+01; 1.820000e+02; 2.430000e+02; 1.050000e+02; 1.500000e+02; 1.080000e+02; 3.260000e+02; 3.360000e+02; 1.840000e+02; 3.910000e+02; 1.450000e+02; 0.000000e+00; 0.000000e+00; 0.000000e+00; 4.830000e+02; 
2.680000e+02; 4.200000e+02; 5.300000e+01; 2.390000e+02; 1.990000e+02; 1.230000e+02; 2.070000e+02; 1.650000e+02; 3.830000e+02; 2.400000e+02; 1.400000e+02; 4.480000e+02; 2.020000e+02; 5.700000e+01; 0.000000e+00; 0.000000e+00; 0.000000e+00; 
2.460000e+02; 7.450000e+02; 4.720000e+02; 2.370000e+02; 5.280000e+02; 3.640000e+02; 3.320000e+02; 3.490000e+02; 2.020000e+02; 6.850000e+02; 5.420000e+02; 1.570000e+02; 2.890000e+02; 4.260000e+02; 4.830000e+02; 0.000000e+00; 0.000000e+00; 
Recursion step 1:
Costs:
0.000000e+00; 3.200000e+02; 3.477500e+02; 3.256667e+02; 4.020000e+02; 3.992500e+02; 3.285000e+02; 4.197500e+02; 
3.200000e+02; 0.000000e+00; 1.950000e+02; 1.273333e+02; 3.212500e+02; 2.777500e+02; 1.185000e+02; 2.502500e+02; 
3.477500e+02; 1.950000e+02; 0.000000e+00; 1.706667e+02; 2.895000e+02; 2.547500e+02; 1.942500e+02; 3.035000e+02; 
3.256667e+02; 1.273333e+02; 1.706667e+02; 0.000000e+00; 3.036667e+02; 2.666667e+02; 1.480000e+02; 2.730000e+02; 
4.020000e+02; 3.212500e+02; 2.895000e+02; 3.036667e+02; 0.000000e+00; 2.917500e+02; 3.115000e+02; 4.017500e+02; 
3.992500e+02; 2.777500e+02; 2.547500e+02; 2.666667e+02; 2.917500e+02; 0.000000e+00; 1.975000e+02; 2.740000e+02; 
3.285000e+02; 1.185000e+02; 1.942500e+02; 1.480000e+02; 3.115000e+02; 1.975000e+02; 0.000000e+00; 2.415000e+02; 
4.197500e+02; 2.502500e+02; 3.035000e+02; 2.730000e+02; 4.017500e+02; 2.740000e+02; 2.415000e+02; 0.000000e+00; 
Recursion step 2:
Costs:
0.000000e+00; 3.203125e+02; 3.166458e+02; 3.781250e+02; 
3.203125e+02; 0.000000e+00; 1.661458e+02; 2.417500e+02; 
3.166458e+02; 1.661458e+02; 0.000000e+00; 2.744792e+02; 
3.781250e+02; 2.417500e+02; 2.744792e+02; 0.000000e+00; 
Recursion step 3:
Costs:
0.000000e+00; 2.882969e+02; 
2.882969e+02; 0.000000e+00; 
