Recursion step 0:
Costs:
0.000000e+00; 0.000000e+00; 5.100000e+02; 6.350000e+02; 9.100000e+01; 3.850000e+02; 1.550000e+02; 1.100000e+02; 1.300000e+02; 4.900000e+02; 3.700000e+02; 1.550000e+02; 6.800000e+01; 6.100000e+02; 6.550000e+02; 4.800000e+02; 2.650000e+02; 2.550000e+02; 4.500000e+02; 1.700000e+02; 2.400000e+02; 
0.000000e+00; 0.000000e+00; 0.000000e+00; 3.550000e+02; 4.150000e+02; 5.850000e+02; 4.750000e+02; 4.800000e+02; 5.000000e+02; 6.050000e+02; 3.200000e+02; 3.800000e+02; 4.400000e+02; 3.600000e+02; 2.350000e+02; 8.100000e+01; 4.800000e+02; 4.400000e+02; 2.700000e+02; 4.450000e+02; 2.900000e+02; 
5.100000e+02; 0.000000e+00; 0.000000e+00; 0.000000e+00; 6.050000e+02; 3.900000e+02; 4.950000e+02; 5.700000e+02; 5.400000e+02; 2.950000e+02; 7.000000e+02; 6.400000e+02; 5.750000e+02; 7.050000e+02; 5.850000e+02; 4.350000e+02; 4.200000e+02; 7.550000e+02; 6.250000e+02; 7.500000e+02; 5.900000e+02; 
6.350000e+02; 3.550000e+02; 0.000000e+00; 0.000000e+00; 0.000000e+00; 3.500000e+02; 1.200000e+02; 7.800000e+01; 9.700000e+01; 4.600000e+02; 2.800000e+02; 6.300000e+01; 2.700000e+01; 5.200000e+02; 5.550000e+02; 3.800000e+02; 2.350000e+02; 2.350000e+02; 3.450000e+02; 1.600000e+02; 1.400000e+02; 
9.100000e+01; 4.150000e+02; 6.050000e+02; 0.000000e+00; 0.000000e+00; 0.000000e+00; 2.400000e+02; 3.200000e+02; 2.850000e+02; 1.200000e+02; 5.900000e+02; 4.300000e+02; 3.200000e+02; 8.350000e+02; 7.500000e+02; 5.750000e+02; 1.250000e+02; 6.500000e+02; 6.600000e+02; 4.950000e+02; 4.800000e+02; 
3.850000e+02; 5.850000e+02; 3.900000e+02; 3.500000e+02; 0.000000e+00; 0.000000e+00; 0.000000e+00; 9.600000e+01; 3.600000e+01; 3.500000e+02; 3.650000e+02; 2.000000e+02; 9.100000e+01; 6.050000e+02; 6.150000e+02; 4.400000e+02; 1.250000e+02; 3.700000e+02; 4.300000e+02; 2.650000e+02; 2.550000e+02; 
1.550000e+02; 4.750000e+02; 4.950000e+02; 1.200000e+02; 2.400000e+02; 0.000000e+00; 0.000000e+00; 0.000000e+00; 2.900000e+01; 4.250000e+02; 3.500000e+02; 1.600000e+02; 4.800000e+01; 5.900000e+02; 6.250000e+02; 4.550000e+02; 2.000000e+02; 3.200000e+02; 4.200000e+02; 2.200000e+02; 2.050000e+02; 
1.100000e+02; 4.800000e+02; 5.700000e+02; 7.800000e+01; 3.200000e+02; 9.600000e+01; 0.000000e+00; 0.000000e+00; 0.000000e+00; 3.900000e+02; 3.700000e+02; 1.750000e+02; 6.700000e+01; 6.100000e+02; 6.450000e+02; 4.650000e+02; 1.650000e+02; 3.500000e+02; 4.400000e+02; 2.400000e+02; 2.200000e+02; 
1.300000e+02; 5.000000e+02; 5.400000e+02; 9.700000e+01; 2.850000e+02; 3.600000e+01; 2.900000e+01; 0.000000e+00; 0.000000e+00; 0.000000e+00; 6.250000e+02; 5.350000e+02; 4.300000e+02; 8.650000e+02; 7.750000e+02; 6.000000e+02; 2.300000e+02; 6.800000e+02; 6.900000e+02; 6.000000e+02; 5.150000e+02; 
4.900000e+02; 6.050000e+02; 2.950000e+02; 4.600000e+02; 1.200000e+02; 3.500000e+02; 4.250000e+02; 3.900000e+02; 0.000000e+00; 0.000000e+00; 0.000000e+00; 2.400000e+02; 3.000000e+02; 2.500000e+02; 2.850000e+02; 2.450000e+02; 4.750000e+02; 1.500000e+02; 7.700000e+01; 2.350000e+02; 1.500000e+02; 
3.700000e+02; 3.200000e+02; 7.000000e+02; 2.800000e+02; 5.900000e+02; 3.650000e+02; 3.500000e+02; 3.700000e+02; 6.250000e+02; 0.000000e+00; 0.000000e+00; 0.000000e+00; 9.000000e+01; 4.800000e+02; 5.150000e+02; 3.450000e+02; 3.100000e+02; 1.750000e+02; 3.100000e+02; 1.250000e+02; 1.000000e+02; 
1.550000e+02; 3.800000e+02; 6.400000e+02; 6.300000e+01; 4.300000e+02; 2.000000e+02; 1.600000e+02; 1.750000e+02; 5.350000e+02; 2.400000e+02; 0.000000e+00; 0.000000e+00; 0.000000e+00; 5.450000e+02; 5.850000e+02; 4.150000e+02; 2.050000e+02; 2.650000e+02; 3.800000e+02; 1.700000e+02; 1.700000e+02; 
6.800000e+01; 4.400000e+02; 5.750000e+02; 2.700000e+01; 3.200000e+02; 9.100000e+01; 4.800000e+01; 6.700000e+01; 4.300000e+02; 3.000000e+02; 9.000000e+01; 0.000000e+00; 0.000000e+00; 0.000000e+00; 1.900000e+02; 2.950000e+02; 7.150000e+02; 4.000000e+02; 1.800000e+02; 4.850000e+02; 3.900000e+02; 
6.100000e+02; 3.600000e+02; 7.050000e+02; 5.200000e+02; 8.350000e+02; 6.050000e+02; 5.900000e+02; 6.100000e+02; 8.650000e+02; 2.500000e+02; 4.800000e+02; 5.450000e+02; 0.000000e+00; 0.000000e+00; 0.000000e+00; 1.700000e+02; 6.500000e+02; 4.350000e+02; 2.150000e+02; 5.250000e+02; 4.250000e+02; 
6.550000e+02; 2.350000e+02; 5.850000e+02; 5.550000e+02; 7.500000e+02; 6.150000e+02; 6.250000e+02; 6.450000e+02; 7.750000e+02; 2.850000e+02; 5.150000e+02; 5.850000e+02; 1.900000e+02; 0.000000e+00; 0.000000e+00; 0.000000e+00; 4.750000e+02; 3.850000e+02; 1.900000e+02; 4.050000e+02; 2.550000e+02; 
4.800000e+02; 8.100000e+01; 4.350000e+02; 3.800000e+02; 5.750000e+02; 4.400000e+02; 4.550000e+02; 4.650000e+02; 6.000000e+02; 2.450000e+02; 3.450000e+02; 4.150000e+02; 2.950000e+02; 1.700000e+02; 0.000000e+00; 0.000000e+00; 0.000000e+00; 4.850000e+02; 5.450000e+02; 3.750000e+02; 3.950000e+02; 
2.650000e+02; 4.800000e+02; 4.200000e+02; 2.350000e+02; 1.250000e+02; 1.250000e+02; 2.000000e+02; 1.650000e+02; 2.300000e+02; 4.750000e+02; 3.100000e+02; 2.050000e+02; 7.150000e+02; 6.500000e+02; 4.750000e+02; 0.000000e+00; 0.000000e+00; 0.000000e+00; 2.250000e+02; 8.700000e+01; 2.050000e+02; 
2.550000e+02; 4.400000e+02; 7.550000e+02; 2.350000e+02; 6.500000e+02; 3.700000e+02; 3.200000e+02; 3.500000e+02; 6.800000e+02; 1.500000e+02; 1.750000e+02; 2.650000e+02; 4.000000e+02; 4.350000e+02; 3.850000e+02; 4.850000e+02; 0.000000e+00; 0.000000e+00; 0.000000e+00; 3.150000e+02; 2.200000e+02; 
4.500000e+02; 2.700000e+02; 6.250000e+02; 3.450000e+02; 6.600000e+02; 4.300000e+02; 4.200000e+02; 4.400000e+02; 6.900000e+02; 7.700000e+01; 3.100000e+02; 3.800000e+02; 1.800000e+02; 2.150000e+02; 1.900000e+02; 5.450000e+02; 2.250000e+02; 0.000000e+00; 0.000000e+00; 0.000000e+00; 1.550000e+02; 
1.700000e+02; 4.450000e+02; 7.500000e+02; 1.600000e+02; 4.950000e+02; 2.650000e+02; 2.200000e+02; 2.400000e+02; 6.000000e+02; 2.350000e+02; 1.250000e+02; 1.700000e+02; 4.850000e+02; 5.250000e+02; 4.050000e+02; 3.750000e+02; 8.700000e+01; 3.150000e+02; 0.000000e+00; 0.000000e+00; 0.000000e+00; 
2.400000e+02; 2.900000e+02; 5.900000e+02; 1.400000e+02; 4.800000e+02; 2.550000e+02; 2.050000e+02; 2.200000e+02; 5.150000e+02; 1.500000e+02; 1.000000e+02; 1.700000e+02; 3.900000e+02; 4.250000e+02; 2.550000e+02; 3.950000e+02; 2.050000e+02; 2.200000e+02; 1.550000e+02; 0.000000e+00; 0.000000e+00; 
Recursion step 1:
Costs:
0.000000e+00; 3.750000e+02; 3.690000e+02; 3.083333e+02; 4.462500e+02; 2.607500e+02; 4.650000e+02; 3.265000e+02; 3.537500e+02; 2.862500e+02; 
3.750000e+02; 0.000000e+00; 3.362500e+02; 3.166667e+02; 4.337500e+02; 3.262500e+02; 5.912500e+02; 3.675000e+02; 4.900000e+02; 4.100000e+02; 
3.690000e+02; 3.362500e+02; 0.000000e+00; 1.628333e+02; 3.562500e+02; 2.602500e+02; 7.012500e+02; 3.162500e+02; 5.275000e+02; 3.737500e+02; 
3.083333e+02; 3.166667e+02; 1.628333e+02; 0.000000e+00; 3.600000e+02; 2.358333e+02; 6.850000e+02; 3.525000e+02; 4.833333e+02; 3.333333e+02; 
4.462500e+02; 4.337500e+02; 3.562500e+02; 3.600000e+02; 0.000000e+00; 1.575000e+02; 3.825000e+02; 3.437500e+02; 1.780000e+02; 1.525000e+02; 
2.607500e+02; 3.262500e+02; 2.602500e+02; 2.358333e+02; 1.575000e+02; 0.000000e+00; 3.300000e+02; 4.075000e+02; 3.062500e+02; 3.037500e+02; 
4.650000e+02; 5.912500e+02; 7.012500e+02; 6.850000e+02; 3.825000e+02; 3.300000e+02; 0.000000e+00; 3.237500e+02; 3.062500e+02; 4.025000e+02; 
3.265000e+02; 3.675000e+02; 3.162500e+02; 3.525000e+02; 3.437500e+02; 4.075000e+02; 3.237500e+02; 0.000000e+00; 3.137500e+02; 2.655000e+02; 
3.537500e+02; 4.900000e+02; 5.275000e+02; 4.833333e+02; 1.780000e+02; 3.062500e+02; 3.062500e+02; 3.137500e+02; 0.000000e+00; 1.725000e+02; 
2.862500e+02; 4.100000e+02; 3.737500e+02; 3.333333e+02; 1.525000e+02; 3.037500e+02; 4.025000e+02; 2.655000e+02; 1.725000e+02; 0.000000e+00; 
