Recursion step 0:
Costs:
0.000000e+00; 0.000000e+00; 2.570000e+02; 1.870000e+02; 9.100000e+01; 1.500000e+02; 8.000000e+01; 1.300000e+02; 1.340000e+02; 2.430000e+02; 1.850000e+02; 2.140000e+02; 7.000000e+01; 2.720000e+02; 2.190000e+02; 2.930000e+02; 5.400000e+01; 2.110000e+02; 2.900000e+02; 2.680000e+02; 2.610000e+02; 1.750000e+02; 2.500000e+02; 1.920000e+02; 
0.000000e+00; 0.000000e+00; 0.000000e+00; 1.960000e+02; 2.280000e+02; 1.120000e+02; 1.960000e+02; 1.670000e+02; 1.540000e+02; 2.090000e+02; 8.600000e+01; 2.230000e+02; 1.910000e+02; 1.800000e+02; 8.300000e+01; 5.000000e+01; 2.190000e+02; 7.400000e+01; 1.390000e+02; 5.300000e+01; 4.300000e+01; 1.280000e+02; 9.900000e+01; 2.280000e+02; 
2.570000e+02; 0.000000e+00; 0.000000e+00; 0.000000e+00; 1.580000e+02; 9.600000e+01; 8.800000e+01; 5.900000e+01; 6.300000e+01; 2.860000e+02; 1.240000e+02; 4.900000e+01; 1.210000e+02; 3.150000e+02; 1.720000e+02; 2.320000e+02; 9.200000e+01; 8.100000e+01; 9.800000e+01; 1.380000e+02; 2.000000e+02; 7.600000e+01; 8.900000e+01; 2.350000e+02; 
1.870000e+02; 1.960000e+02; 0.000000e+00; 0.000000e+00; 0.000000e+00; 1.200000e+02; 7.700000e+01; 1.010000e+02; 1.050000e+02; 1.590000e+02; 1.560000e+02; 1.850000e+02; 2.700000e+01; 1.880000e+02; 1.490000e+02; 2.640000e+02; 8.200000e+01; 1.820000e+02; 2.610000e+02; 2.390000e+02; 2.320000e+02; 1.460000e+02; 2.210000e+02; 1.080000e+02; 
9.100000e+01; 2.280000e+02; 1.580000e+02; 0.000000e+00; 0.000000e+00; 0.000000e+00; 6.300000e+01; 5.600000e+01; 3.400000e+01; 1.900000e+02; 4.000000e+01; 1.230000e+02; 8.300000e+01; 1.930000e+02; 7.900000e+01; 1.480000e+02; 1.190000e+02; 1.050000e+02; 1.440000e+02; 1.230000e+02; 9.800000e+01; 3.200000e+01; 1.050000e+02; 1.190000e+02; 
1.500000e+02; 1.120000e+02; 9.600000e+01; 1.200000e+02; 0.000000e+00; 0.000000e+00; 0.000000e+00; 2.500000e+01; 2.900000e+01; 2.160000e+02; 1.240000e+02; 1.150000e+02; 4.700000e+01; 2.450000e+02; 1.390000e+02; 2.320000e+02; 3.100000e+01; 1.500000e+02; 1.760000e+02; 2.070000e+02; 2.000000e+02; 7.600000e+01; 1.890000e+02; 1.650000e+02; 
8.000000e+01; 1.960000e+02; 8.800000e+01; 7.700000e+01; 6.300000e+01; 0.000000e+00; 0.000000e+00; 0.000000e+00; 2.200000e+01; 2.290000e+02; 9.500000e+01; 8.600000e+01; 6.400000e+01; 2.580000e+02; 1.340000e+02; 2.030000e+02; 4.300000e+01; 1.210000e+02; 1.640000e+02; 1.780000e+02; 1.710000e+02; 4.700000e+01; 1.600000e+02; 1.780000e+02; 
1.300000e+02; 1.670000e+02; 5.900000e+01; 1.010000e+02; 5.600000e+01; 2.500000e+01; 0.000000e+00; 0.000000e+00; 0.000000e+00; 2.250000e+02; 8.200000e+01; 9.000000e+01; 6.800000e+01; 2.280000e+02; 1.120000e+02; 1.900000e+02; 5.800000e+01; 1.080000e+02; 1.360000e+02; 1.650000e+02; 1.310000e+02; 3.000000e+01; 1.470000e+02; 1.540000e+02; 
1.340000e+02; 1.540000e+02; 6.300000e+01; 1.050000e+02; 3.400000e+01; 2.900000e+01; 2.200000e+01; 0.000000e+00; 0.000000e+00; 0.000000e+00; 2.070000e+02; 3.130000e+02; 1.730000e+02; 2.900000e+01; 1.260000e+02; 2.480000e+02; 2.380000e+02; 3.100000e+02; 3.890000e+02; 3.670000e+02; 1.660000e+02; 2.220000e+02; 3.490000e+02; 7.100000e+01; 
2.430000e+02; 2.090000e+02; 2.860000e+02; 1.590000e+02; 1.900000e+02; 2.160000e+02; 2.290000e+02; 2.250000e+02; 0.000000e+00; 0.000000e+00; 0.000000e+00; 1.510000e+02; 1.190000e+02; 1.590000e+02; 6.200000e+01; 1.220000e+02; 1.470000e+02; 3.700000e+01; 1.160000e+02; 8.600000e+01; 9.000000e+01; 5.600000e+01; 7.600000e+01; 1.360000e+02; 
1.850000e+02; 8.600000e+01; 1.240000e+02; 1.560000e+02; 4.000000e+01; 1.240000e+02; 9.500000e+01; 8.200000e+01; 2.070000e+02; 0.000000e+00; 0.000000e+00; 0.000000e+00; 1.480000e+02; 3.420000e+02; 1.990000e+02; 2.590000e+02; 8.400000e+01; 1.600000e+02; 1.470000e+02; 1.870000e+02; 2.270000e+02; 1.030000e+02; 1.380000e+02; 2.620000e+02; 
2.140000e+02; 2.230000e+02; 4.900000e+01; 1.850000e+02; 1.230000e+02; 1.150000e+02; 8.600000e+01; 9.000000e+01; 3.130000e+02; 1.510000e+02; 0.000000e+00; 0.000000e+00; 0.000000e+00; 2.090000e+02; 1.530000e+02; 2.270000e+02; 5.300000e+01; 1.450000e+02; 2.240000e+02; 2.020000e+02; 1.950000e+02; 1.090000e+02; 1.840000e+02; 1.100000e+02; 
7.000000e+01; 1.910000e+02; 1.210000e+02; 2.700000e+01; 8.300000e+01; 4.700000e+01; 6.400000e+01; 6.800000e+01; 1.730000e+02; 1.190000e+02; 1.480000e+02; 0.000000e+00; 0.000000e+00; 0.000000e+00; 9.700000e+01; 2.190000e+02; 2.670000e+02; 1.960000e+02; 2.750000e+02; 2.270000e+02; 1.370000e+02; 2.250000e+02; 2.350000e+02; 7.400000e+01; 
2.720000e+02; 1.800000e+02; 3.150000e+02; 1.880000e+02; 1.930000e+02; 2.450000e+02; 2.580000e+02; 2.280000e+02; 2.900000e+01; 1.590000e+02; 3.420000e+02; 2.090000e+02; 0.000000e+00; 0.000000e+00; 0.000000e+00; 1.340000e+02; 1.700000e+02; 9.900000e+01; 1.780000e+02; 1.300000e+02; 6.900000e+01; 1.040000e+02; 1.380000e+02; 9.600000e+01; 
2.190000e+02; 8.300000e+01; 1.720000e+02; 1.490000e+02; 7.900000e+01; 1.390000e+02; 1.340000e+02; 1.120000e+02; 1.260000e+02; 6.200000e+01; 1.990000e+02; 1.530000e+02; 9.700000e+01; 0.000000e+00; 0.000000e+00; 0.000000e+00; 2.550000e+02; 1.250000e+02; 1.540000e+02; 6.800000e+01; 8.200000e+01; 1.640000e+02; 1.140000e+02; 2.640000e+02; 
2.930000e+02; 5.000000e+01; 2.320000e+02; 2.640000e+02; 1.480000e+02; 2.320000e+02; 2.030000e+02; 1.900000e+02; 2.480000e+02; 1.220000e+02; 2.590000e+02; 2.270000e+02; 2.190000e+02; 1.340000e+02; 0.000000e+00; 0.000000e+00; 0.000000e+00; 1.730000e+02; 1.900000e+02; 2.300000e+02; 2.230000e+02; 9.900000e+01; 2.120000e+02; 1.870000e+02; 
5.400000e+01; 2.190000e+02; 9.200000e+01; 8.200000e+01; 1.190000e+02; 3.100000e+01; 4.300000e+01; 5.800000e+01; 2.380000e+02; 1.470000e+02; 8.400000e+01; 5.300000e+01; 2.670000e+02; 1.700000e+02; 2.550000e+02; 0.000000e+00; 0.000000e+00; 0.000000e+00; 7.900000e+01; 5.700000e+01; 9.000000e+01; 5.700000e+01; 3.900000e+01; 1.820000e+02; 
2.110000e+02; 7.400000e+01; 8.100000e+01; 1.820000e+02; 1.050000e+02; 1.500000e+02; 1.210000e+02; 1.080000e+02; 3.100000e+02; 3.700000e+01; 1.600000e+02; 1.450000e+02; 1.960000e+02; 9.900000e+01; 1.250000e+02; 1.730000e+02; 0.000000e+00; 0.000000e+00; 0.000000e+00; 8.600000e+01; 1.760000e+02; 1.120000e+02; 4.000000e+01; 2.610000e+02; 
2.900000e+02; 1.390000e+02; 9.800000e+01; 2.610000e+02; 1.440000e+02; 1.760000e+02; 1.640000e+02; 1.360000e+02; 3.890000e+02; 1.160000e+02; 1.470000e+02; 2.240000e+02; 2.750000e+02; 1.780000e+02; 1.540000e+02; 1.900000e+02; 7.900000e+01; 0.000000e+00; 0.000000e+00; 0.000000e+00; 9.000000e+01; 1.140000e+02; 4.600000e+01; 2.390000e+02; 
2.680000e+02; 5.300000e+01; 1.380000e+02; 2.390000e+02; 1.230000e+02; 2.070000e+02; 1.780000e+02; 1.650000e+02; 3.670000e+02; 8.600000e+01; 1.870000e+02; 2.020000e+02; 2.270000e+02; 1.300000e+02; 6.800000e+01; 2.300000e+02; 5.700000e+01; 8.600000e+01; 0.000000e+00; 0.000000e+00; 0.000000e+00; 1.340000e+02; 1.360000e+02; 1.650000e+02; 
2.610000e+02; 4.300000e+01; 2.000000e+02; 2.320000e+02; 9.800000e+01; 2.000000e+02; 1.710000e+02; 1.310000e+02; 1.660000e+02; 9.000000e+01; 2.270000e+02; 1.950000e+02; 1.370000e+02; 6.900000e+01; 8.200000e+01; 2.230000e+02; 9.000000e+01; 1.760000e+02; 9.000000e+01; 0.000000e+00; 0.000000e+00; 0.000000e+00; 9.600000e+01; 1.510000e+02; 
1.750000e+02; 1.280000e+02; 7.600000e+01; 1.460000e+02; 3.200000e+01; 7.600000e+01; 4.700000e+01; 3.000000e+01; 2.220000e+02; 5.600000e+01; 1.030000e+02; 1.090000e+02; 2.250000e+02; 1.040000e+02; 1.640000e+02; 9.900000e+01; 5.700000e+01; 1.120000e+02; 1.140000e+02; 1.340000e+02; 0.000000e+00; 0.000000e+00; 0.000000e+00; 2.210000e+02; 
2.500000e+02; 9.900000e+01; 8.900000e+01; 2.210000e+02; 1.050000e+02; 1.890000e+02; 1.600000e+02; 1.470000e+02; 3.490000e+02; 7.600000e+01; 1.380000e+02; 1.840000e+02; 2.350000e+02; 1.380000e+02; 1.140000e+02; 2.120000e+02; 3.900000e+01; 4.000000e+01; 4.600000e+01; 1.360000e+02; 9.600000e+01; 0.000000e+00; 0.000000e+00; 0.000000e+00; 
1.920000e+02; 2.280000e+02; 2.350000e+02; 1.080000e+02; 1.190000e+02; 1.650000e+02; 1.780000e+02; 1.540000e+02; 7.100000e+01; 1.360000e+02; 2.620000e+02; 1.100000e+02; 7.400000e+01; 9.600000e+01; 2.640000e+02; 1.870000e+02; 1.820000e+02; 2.610000e+02; 2.390000e+02; 1.650000e+02; 1.510000e+02; 2.210000e+02; 0.000000e+00; 0.000000e+00; 
Recursion step 1:
Costs:
0.000000e+00; 1.600000e+02; 1.452500e+02; 1.432500e+02; 1.850000e+02; 1.770000e+02; 1.782500e+02; 1.612500e+02; 1.395000e+02; 1.875000e+02; 1.517500e+02; 1.922500e+02; 
1.600000e+02; 0.000000e+00; 9.350000e+01; 8.125000e+01; 1.532500e+02; 1.285000e+02; 1.627500e+02; 2.042500e+02; 1.092500e+02; 1.840000e+02; 1.635000e+02; 1.632500e+02; 
1.452500e+02; 9.350000e+01; 0.000000e+00; 3.600000e+01; 1.172500e+02; 1.005000e+02; 1.420000e+02; 1.495000e+02; 1.012500e+02; 1.625000e+02; 1.015000e+02; 1.445000e+02; 
1.432500e+02; 8.125000e+01; 3.600000e+01; 0.000000e+00; 1.190000e+02; 8.825000e+01; 1.545000e+02; 1.597500e+02; 8.250000e+01; 1.607500e+02; 9.475000e+01; 1.597500e+02; 
1.850000e+02; 1.532500e+02; 1.172500e+02; 1.190000e+02; 0.000000e+00; 1.677500e+02; 1.200000e+02; 1.395000e+02; 1.830000e+02; 2.395000e+02; 1.335000e+02; 1.580000e+02; 
1.770000e+02; 1.285000e+02; 1.005000e+02; 8.825000e+01; 1.677500e+02; 0.000000e+00; 1.747500e+02; 2.095000e+02; 1.105000e+02; 1.900000e+02; 1.585000e+02; 1.735000e+02; 
1.782500e+02; 1.627500e+02; 1.420000e+02; 1.545000e+02; 1.200000e+02; 1.747500e+02; 0.000000e+00; 1.125000e+02; 1.830000e+02; 2.025000e+02; 1.337500e+02; 1.357500e+02; 
1.612500e+02; 2.042500e+02; 1.495000e+02; 1.597500e+02; 1.395000e+02; 2.095000e+02; 1.125000e+02; 0.000000e+00; 1.382500e+02; 1.605000e+02; 1.420000e+02; 1.942500e+02; 
1.395000e+02; 1.092500e+02; 1.012500e+02; 8.250000e+01; 1.830000e+02; 1.105000e+02; 1.830000e+02; 1.382500e+02; 0.000000e+00; 5.550000e+01; 1.087500e+02; 1.305000e+02; 
1.875000e+02; 1.840000e+02; 1.625000e+02; 1.607500e+02; 2.395000e+02; 1.900000e+02; 2.025000e+02; 1.605000e+02; 5.550000e+01; 0.000000e+00; 8.450000e+01; 1.465000e+02; 
1.517500e+02; 1.635000e+02; 1.015000e+02; 9.475000e+01; 1.335000e+02; 1.585000e+02; 1.337500e+02; 1.420000e+02; 1.087500e+02; 8.450000e+01; 0.000000e+00; 1.170000e+02; 
1.922500e+02; 1.632500e+02; 1.445000e+02; 1.597500e+02; 1.580000e+02; 1.735000e+02; 1.357500e+02; 1.942500e+02; 1.305000e+02; 1.465000e+02; 1.170000e+02; 0.000000e+00; 
Recursion step 2:
Costs:
0.000000e+00; 1.876875e+02; 1.494375e+02; 1.538125e+02; 1.564375e+02; 1.700625e+02; 
1.876875e+02; 0.000000e+00; 9.087500e+01; 1.646250e+02; 1.484375e+02; 1.646875e+02; 
1.494375e+02; 9.087500e+01; 0.000000e+00; 1.331875e+02; 1.267500e+02; 1.251250e+02; 
1.538125e+02; 1.646250e+02; 1.331875e+02; 0.000000e+00; 2.020000e+02; 1.402500e+02; 
1.564375e+02; 1.484375e+02; 1.267500e+02; 2.020000e+02; 0.000000e+00; 1.175625e+02; 
1.700625e+02; 1.646875e+02; 1.251250e+02; 1.402500e+02; 1.175625e+02; 0.000000e+00; 
Recursion step 3:
Costs:
0.000000e+00; 1.587344e+02; 1.671875e+02; 
1.587344e+02; 0.000000e+00; 1.412500e+02; 
1.671875e+02; 1.412500e+02; 0.000000e+00; 
