Recursion step 0:
Costs:
0.000000e+00; 0.000000e+00; 5.930000e+02; 4.090000e+02; 5.660000e+02; 6.330000e+02; 2.570000e+02; 9.100000e+01; 4.120000e+02; 3.780000e+02; 5.930000e+02; 1.500000e+02; 6.590000e+02; 8.000000e+01; 4.340000e+02; 4.550000e+02; 1.340000e+02; 6.490000e+02; 2.590000e+02; 5.050000e+02; 7.100000e+02; 4.880000e+02; 3.530000e+02; 3.240000e+02; 6.050000e+02; 3.720000e+02; 3.300000e+02; 5.810000e+02; 1.540000e+02; 7.000000e+01; 6.060000e+02; 5.850000e+02; 5.440000e+02; 4.960000e+02; 3.170000e+02; 6.480000e+02; 2.110000e+02; 4.750000e+02; 6.540000e+02; 7.100000e+02; 5.850000e+02; 2.460000e+02; 7.880000e+02; 4.460000e+02; 1.660000e+02; 5.230000e+02; 2.350000e+02; 3.690000e+02; 
0.000000e+00; 0.000000e+00; 0.000000e+00; 2.580000e+02; 3.310000e+02; 5.860000e+02; 6.020000e+02; 5.090000e+02; 6.270000e+02; 7.550000e+02; 4.160000e+02; 5.980000e+02; 4.880000e+02; 5.660000e+02; 8.930000e+02; 4.170000e+02; 5.830000e+02; 9.450000e+02; 3.640000e+02; 3.540000e+02; 1.170000e+02; 7.840000e+02; 6.410000e+02; 2.750000e+02; 2.870000e+02; 2.290000e+02; 4.840000e+02; 8.770000e+02; 4.600000e+02; 5.230000e+02; 1.830000e+02; 4.270000e+02; 8.400000e+02; 5.250000e+02; 2.890000e+02; 6.800000e+01; 6.600000e+02; 1.370000e+02; 1.510000e+02; 2.390000e+02; 1.350000e+02; 3.730000e+02; 2.080000e+02; 1.620000e+02; 4.370000e+02; 8.100000e+01; 3.710000e+02; 2.050000e+02; 
5.930000e+02; 0.000000e+00; 0.000000e+00; 0.000000e+00; 1.710000e+02; 7.230000e+02; 5.220000e+02; 3.250000e+02; 5.060000e+02; 6.340000e+02; 5.640000e+02; 4.140000e+02; 6.300000e+02; 3.820000e+02; 6.990000e+02; 4.330000e+02; 3.990000e+02; 8.240000e+02; 1.800000e+02; 1.100000e+02; 3.750000e+02; 6.630000e+02; 5.200000e+02; 9.100000e+01; 4.310000e+02; 3.900000e+01; 3.610000e+02; 7.560000e+02; 2.760000e+02; 3.390000e+02; 2.160000e+02; 5.630000e+02; 7.190000e+02; 5.950000e+02; 1.050000e+02; 3.160000e+02; 4.760000e+02; 2.950000e+02; 3.190000e+02; 4.870000e+02; 3.850000e+02; 1.830000e+02; 4.560000e+02; 1.110000e+02; 2.470000e+02; 1.880000e+02; 1.870000e+02; 2.890000e+02; 
4.090000e+02; 2.580000e+02; 0.000000e+00; 0.000000e+00; 0.000000e+00; 8.740000e+02; 6.790000e+02; 4.820000e+02; 6.630000e+02; 7.910000e+02; 7.210000e+02; 5.710000e+02; 7.870000e+02; 5.390000e+02; 8.560000e+02; 5.900000e+02; 5.660000e+02; 9.810000e+02; 3.370000e+02; 7.000000e+01; 3.540000e+02; 8.200000e+02; 6.770000e+02; 2.480000e+02; 5.880000e+02; 1.960000e+02; 5.180000e+02; 9.130000e+02; 4.330000e+02; 4.960000e+02; 1.470000e+02; 7.200000e+02; 8.760000e+02; 7.510000e+02; 2.620000e+02; 3.620000e+02; 6.330000e+02; 4.520000e+02; 2.660000e+02; 5.460000e+02; 4.580000e+02; 3.400000e+02; 4.880000e+02; 2.680000e+02; 4.040000e+02; 2.550000e+02; 3.440000e+02; 4.460000e+02; 
5.660000e+02; 3.310000e+02; 1.710000e+02; 0.000000e+00; 0.000000e+00; 0.000000e+00; 3.900000e+02; 5.980000e+02; 2.270000e+02; 3.970000e+02; 2.710000e+02; 4.880000e+02; 2.050000e+02; 5.720000e+02; 5.240000e+02; 3.130000e+02; 5.300000e+02; 4.460000e+02; 5.550000e+02; 8.190000e+02; 6.790000e+02; 2.890000e+02; 2.820000e+02; 6.380000e+02; 3.130000e+02; 6.860000e+02; 3.780000e+02; 3.700000e+02; 6.120000e+02; 5.690000e+02; 7.150000e+02; 1.790000e+02; 3.110000e+02; 1.470000e+02; 6.310000e+02; 5.840000e+02; 4.660000e+02; 4.370000e+02; 7.550000e+02; 6.160000e+02; 4.990000e+02; 7.450000e+02; 7.240000e+02; 6.240000e+02; 7.490000e+02; 5.960000e+02; 5.810000e+02; 5.370000e+02; 
6.330000e+02; 5.860000e+02; 7.230000e+02; 8.740000e+02; 0.000000e+00; 0.000000e+00; 0.000000e+00; 2.280000e+02; 1.690000e+02; 1.750000e+02; 4.450000e+02; 1.120000e+02; 5.110000e+02; 1.960000e+02; 2.310000e+02; 3.040000e+02; 1.540000e+02; 4.230000e+02; 2.720000e+02; 6.180000e+02; 6.930000e+02; 2.620000e+02; 1.100000e+02; 4.370000e+02; 4.450000e+02; 4.850000e+02; 1.190000e+02; 3.550000e+02; 2.980000e+02; 1.910000e+02; 7.190000e+02; 4.370000e+02; 3.180000e+02; 2.530000e+02; 4.300000e+02; 5.980000e+02; 7.400000e+01; 4.280000e+02; 7.670000e+02; 6.600000e+02; 5.350000e+02; 4.720000e+02; 7.380000e+02; 5.590000e+02; 4.350000e+02; 6.360000e+02; 3.480000e+02; 3.280000e+02; 
2.570000e+02; 6.020000e+02; 5.220000e+02; 6.790000e+02; 3.900000e+02; 0.000000e+00; 0.000000e+00; 0.000000e+00; 3.830000e+02; 3.490000e+02; 5.090000e+02; 1.200000e+02; 5.750000e+02; 7.700000e+01; 4.050000e+02; 3.710000e+02; 1.050000e+02; 6.200000e+02; 1.750000e+02; 4.210000e+02; 6.260000e+02; 4.590000e+02; 3.240000e+02; 2.400000e+02; 5.200000e+02; 2.880000e+02; 2.600000e+02; 5.520000e+02; 6.300000e+01; 2.700000e+01; 5.220000e+02; 5.010000e+02; 5.150000e+02; 4.680000e+02; 2.330000e+02; 5.640000e+02; 1.820000e+02; 3.910000e+02; 5.700000e+02; 6.260000e+02; 5.010000e+02; 2.370000e+02; 7.040000e+02; 3.620000e+02; 1.500000e+02; 4.390000e+02; 1.510000e+02; 2.860000e+02; 
9.100000e+01; 5.090000e+02; 3.250000e+02; 4.820000e+02; 5.980000e+02; 2.280000e+02; 0.000000e+00; 0.000000e+00; 0.000000e+00; 1.670000e+02; 2.930000e+02; 2.670000e+02; 3.040000e+02; 3.510000e+02; 3.030000e+02; 2.280000e+02; 3.090000e+02; 3.570000e+02; 3.380000e+02; 6.020000e+02; 7.200000e+02; 1.960000e+02; 6.100000e+01; 4.210000e+02; 4.700000e+02; 4.690000e+02; 1.500000e+02; 2.890000e+02; 4.530000e+02; 3.460000e+02; 7.030000e+02; 1.960000e+02; 2.520000e+02; 8.500000e+01; 4.140000e+02; 6.250000e+02; 2.430000e+02; 4.520000e+02; 7.510000e+02; 6.870000e+02; 5.620000e+02; 5.280000e+02; 7.650000e+02; 5.430000e+02; 5.900000e+02; 6.200000e+02; 3.640000e+02; 3.550000e+02; 
4.120000e+02; 6.270000e+02; 5.060000e+02; 6.630000e+02; 2.270000e+02; 1.690000e+02; 3.830000e+02; 0.000000e+00; 0.000000e+00; 0.000000e+00; 4.290000e+02; 2.330000e+02; 4.700000e+02; 3.170000e+02; 1.380000e+02; 3.940000e+02; 2.750000e+02; 2.800000e+02; 4.660000e+02; 7.300000e+02; 8.480000e+02; 1.190000e+02; 1.250000e+02; 5.490000e+02; 5.980000e+02; 5.970000e+02; 2.780000e+02; 2.120000e+02; 4.190000e+02; 3.120000e+02; 8.310000e+02; 3.620000e+02; 1.750000e+02; 2.510000e+02; 5.420000e+02; 7.530000e+02; 1.710000e+02; 5.800000e+02; 8.790000e+02; 8.150000e+02; 6.900000e+02; 6.560000e+02; 8.930000e+02; 6.710000e+02; 5.560000e+02; 6.480000e+02; 4.690000e+02; 4.830000e+02; 
3.780000e+02; 7.550000e+02; 6.340000e+02; 7.910000e+02; 3.970000e+02; 1.750000e+02; 3.490000e+02; 1.670000e+02; 0.000000e+00; 0.000000e+00; 0.000000e+00; 5.410000e+02; 7.600000e+01; 5.630000e+02; 5.950000e+02; 1.580000e+02; 5.750000e+02; 6.490000e+02; 4.030000e+02; 6.600000e+02; 5.330000e+02; 4.880000e+02; 3.530000e+02; 4.860000e+02; 1.430000e+02; 5.110000e+02; 3.230000e+02; 5.810000e+02; 4.600000e+02; 5.160000e+02; 5.490000e+02; 8.000000e+01; 5.080000e+02; 2.080000e+02; 4.790000e+02; 4.180000e+02; 4.890000e+02; 2.710000e+02; 5.610000e+02; 4.430000e+02; 3.330000e+02; 5.930000e+02; 5.580000e+02; 4.580000e+02; 5.970000e+02; 4.300000e+02; 4.290000e+02; 3.710000e+02; 
5.930000e+02; 4.160000e+02; 5.640000e+02; 7.210000e+02; 2.710000e+02; 4.450000e+02; 5.090000e+02; 2.930000e+02; 4.290000e+02; 0.000000e+00; 0.000000e+00; 0.000000e+00; 6.070000e+02; 6.300000e+01; 2.890000e+02; 3.990000e+02; 3.400000e+01; 5.040000e+02; 2.640000e+02; 5.090000e+02; 7.150000e+02; 3.430000e+02; 2.080000e+02; 3.290000e+02; 6.100000e+02; 3.970000e+02; 1.740000e+02; 4.360000e+02; 1.900000e+02; 8.300000e+01; 6.110000e+02; 5.320000e+02; 3.990000e+02; 3.510000e+02; 3.320000e+02; 6.530000e+02; 6.600000e+01; 4.800000e+02; 6.590000e+02; 7.150000e+02; 5.900000e+02; 3.640000e+02; 7.930000e+02; 4.510000e+02; 4.020000e+02; 5.280000e+02; 2.400000e+02; 3.750000e+02; 
1.500000e+02; 5.980000e+02; 4.140000e+02; 5.710000e+02; 4.880000e+02; 1.120000e+02; 1.200000e+02; 2.670000e+02; 2.330000e+02; 5.410000e+02; 0.000000e+00; 0.000000e+00; 0.000000e+00; 6.290000e+02; 6.060000e+02; 2.240000e+02; 6.380000e+02; 6.480000e+02; 4.690000e+02; 7.280000e+02; 6.100000e+02; 5.020000e+02; 3.640000e+02; 5.520000e+02; 2.150000e+02; 5.780000e+02; 3.890000e+02; 5.710000e+02; 5.260000e+02; 5.890000e+02; 6.150000e+02; 1.080000e+02; 4.940000e+02; 2.360000e+02; 5.450000e+02; 4.840000e+02; 5.550000e+02; 3.370000e+02; 6.270000e+02; 5.090000e+02; 3.990000e+02; 6.590000e+02; 6.240000e+02; 5.240000e+02; 6.630000e+02; 4.960000e+02; 4.950000e+02; 4.370000e+02; 
6.590000e+02; 4.880000e+02; 6.300000e+02; 7.870000e+02; 2.050000e+02; 5.110000e+02; 5.750000e+02; 3.040000e+02; 4.700000e+02; 7.600000e+01; 6.070000e+02; 0.000000e+00; 0.000000e+00; 0.000000e+00; 3.730000e+02; 4.250000e+02; 2.900000e+01; 5.880000e+02; 2.320000e+02; 4.780000e+02; 6.830000e+02; 4.270000e+02; 2.920000e+02; 2.970000e+02; 5.770000e+02; 3.450000e+02; 2.760000e+02; 5.200000e+02; 1.580000e+02; 4.700000e+01; 5.790000e+02; 5.580000e+02; 4.830000e+02; 4.350000e+02; 2.900000e+02; 6.210000e+02; 1.500000e+02; 4.480000e+02; 6.270000e+02; 6.830000e+02; 5.580000e+02; 3.320000e+02; 7.610000e+02; 4.190000e+02; 2.950000e+02; 4.960000e+02; 2.080000e+02; 3.430000e+02; 
8.000000e+01; 5.660000e+02; 3.820000e+02; 5.390000e+02; 5.720000e+02; 1.960000e+02; 7.700000e+01; 3.510000e+02; 3.170000e+02; 5.630000e+02; 6.300000e+01; 6.290000e+02; 0.000000e+00; 0.000000e+00; 0.000000e+00; 5.300000e+02; 2.980000e+02; 4.160000e+02; 5.490000e+02; 7.950000e+02; 9.860000e+02; 2.550000e+02; 2.610000e+02; 6.140000e+02; 7.340000e+02; 6.620000e+02; 4.140000e+02; 3.480000e+02; 4.750000e+02; 3.680000e+02; 8.960000e+02; 4.980000e+02; 3.110000e+02; 3.870000e+02; 6.070000e+02; 8.910000e+02; 2.270000e+02; 7.180000e+02; 9.440000e+02; 9.530000e+02; 8.280000e+02; 6.490000e+02; 1.031000e+03; 7.360000e+02; 6.120000e+02; 8.130000e+02; 5.250000e+02; 5.540000e+02; 
4.340000e+02; 8.930000e+02; 6.990000e+02; 8.560000e+02; 5.240000e+02; 2.310000e+02; 4.050000e+02; 3.030000e+02; 1.380000e+02; 5.950000e+02; 2.890000e+02; 6.060000e+02; 3.730000e+02; 0.000000e+00; 0.000000e+00; 0.000000e+00; 4.340000e+02; 5.840000e+02; 2.650000e+02; 5.290000e+02; 5.340000e+02; 4.230000e+02; 2.880000e+02; 3.480000e+02; 1.440000e+02; 3.960000e+02; 1.850000e+02; 5.160000e+02; 3.220000e+02; 3.850000e+02; 5.460000e+02; 1.630000e+02; 4.790000e+02; 1.620000e+02; 3.410000e+02; 4.150000e+02; 3.510000e+02; 2.680000e+02; 5.580000e+02; 4.400000e+02; 3.300000e+02; 4.550000e+02; 5.550000e+02; 4.550000e+02; 4.590000e+02; 4.270000e+02; 2.910000e+02; 2.690000e+02; 
4.550000e+02; 4.170000e+02; 4.330000e+02; 5.900000e+02; 3.130000e+02; 3.040000e+02; 3.710000e+02; 2.280000e+02; 3.940000e+02; 1.580000e+02; 3.990000e+02; 2.240000e+02; 4.250000e+02; 5.300000e+02; 0.000000e+00; 0.000000e+00; 0.000000e+00; 5.460000e+02; 2.490000e+02; 4.940000e+02; 7.000000e+02; 3.850000e+02; 2.500000e+02; 3.140000e+02; 5.950000e+02; 3.610000e+02; 2.070000e+02; 4.780000e+02; 1.750000e+02; 6.800000e+01; 5.960000e+02; 5.670000e+02; 4.410000e+02; 3.930000e+02; 3.070000e+02; 6.380000e+02; 1.080000e+02; 4.650000e+02; 6.440000e+02; 7.000000e+02; 5.750000e+02; 3.490000e+02; 7.780000e+02; 4.360000e+02; 3.870000e+02; 5.130000e+02; 2.250000e+02; 3.600000e+02; 
1.340000e+02; 5.830000e+02; 3.990000e+02; 5.660000e+02; 5.300000e+02; 1.540000e+02; 1.050000e+02; 3.090000e+02; 2.750000e+02; 5.750000e+02; 3.400000e+01; 6.380000e+02; 2.900000e+01; 2.980000e+02; 4.340000e+02; 0.000000e+00; 0.000000e+00; 0.000000e+00; 6.560000e+02; 9.200000e+02; 1.038000e+03; 1.610000e+02; 3.150000e+02; 7.390000e+02; 7.880000e+02; 7.870000e+02; 4.680000e+02; 8.400000e+01; 6.900000e+02; 5.830000e+02; 1.021000e+03; 5.520000e+02; 1.540000e+02; 4.410000e+02; 7.320000e+02; 9.430000e+02; 4.320000e+02; 7.700000e+02; 1.069000e+03; 1.005000e+03; 8.800000e+02; 8.460000e+02; 1.083000e+03; 8.610000e+02; 8.270000e+02; 9.380000e+02; 6.820000e+02; 6.730000e+02; 
6.490000e+02; 9.450000e+02; 8.240000e+02; 9.810000e+02; 4.460000e+02; 4.230000e+02; 6.200000e+02; 3.570000e+02; 2.800000e+02; 6.490000e+02; 5.040000e+02; 6.480000e+02; 5.880000e+02; 4.160000e+02; 5.840000e+02; 5.460000e+02; 0.000000e+00; 0.000000e+00; 0.000000e+00; 2.760000e+02; 4.810000e+02; 4.950000e+02; 3.520000e+02; 9.500000e+01; 3.520000e+02; 1.430000e+02; 1.930000e+02; 5.880000e+02; 1.260000e+02; 1.890000e+02; 3.770000e+02; 3.950000e+02; 5.510000e+02; 4.270000e+02; 8.800000e+01; 3.950000e+02; 3.260000e+02; 2.220000e+02; 4.250000e+02; 4.570000e+02; 3.320000e+02; 2.020000e+02; 5.350000e+02; 2.170000e+02; 1.890000e+02; 2.940000e+02; 3.200000e+01; 1.160000e+02; 
2.590000e+02; 3.640000e+02; 1.800000e+02; 3.370000e+02; 5.550000e+02; 2.720000e+02; 1.750000e+02; 3.380000e+02; 4.660000e+02; 4.030000e+02; 2.640000e+02; 4.690000e+02; 2.320000e+02; 5.490000e+02; 2.650000e+02; 2.490000e+02; 6.560000e+02; 0.000000e+00; 0.000000e+00; 0.000000e+00; 3.450000e+02; 7.590000e+02; 6.160000e+02; 1.870000e+02; 5.270000e+02; 1.350000e+02; 4.750000e+02; 8.520000e+02; 3.720000e+02; 4.350000e+02; 1.390000e+02; 6.590000e+02; 8.150000e+02; 6.910000e+02; 2.010000e+02; 4.120000e+02; 5.720000e+02; 3.910000e+02; 2.620000e+02; 5.830000e+02; 4.810000e+02; 2.790000e+02; 5.520000e+02; 2.070000e+02; 3.430000e+02; 2.840000e+02; 2.830000e+02; 3.850000e+02; 
5.050000e+02; 3.540000e+02; 1.100000e+02; 7.000000e+01; 8.190000e+02; 6.180000e+02; 4.210000e+02; 6.020000e+02; 7.300000e+02; 6.600000e+02; 5.090000e+02; 7.280000e+02; 4.780000e+02; 7.950000e+02; 5.290000e+02; 4.940000e+02; 9.200000e+02; 2.760000e+02; 0.000000e+00; 0.000000e+00; 0.000000e+00; 8.770000e+02; 7.340000e+02; 3.920000e+02; 4.040000e+02; 3.460000e+02; 5.770000e+02; 9.700000e+02; 5.770000e+02; 6.400000e+02; 2.090000e+02; 5.440000e+02; 9.330000e+02; 6.460000e+02; 4.060000e+02; 9.500000e+01; 7.770000e+02; 2.540000e+02; 1.030000e+02; 2.790000e+02; 2.150000e+02; 4.900000e+02; 1.880000e+02; 2.790000e+02; 5.540000e+02; 1.930000e+02; 4.880000e+02; 3.220000e+02; 
7.100000e+02; 1.170000e+02; 3.750000e+02; 3.540000e+02; 6.790000e+02; 6.930000e+02; 6.260000e+02; 7.200000e+02; 8.480000e+02; 5.330000e+02; 7.150000e+02; 6.100000e+02; 6.830000e+02; 9.860000e+02; 5.340000e+02; 7.000000e+02; 1.038000e+03; 4.810000e+02; 3.450000e+02; 0.000000e+00; 0.000000e+00; 0.000000e+00; 1.540000e+02; 5.780000e+02; 6.270000e+02; 6.260000e+02; 3.070000e+02; 9.300000e+01; 5.290000e+02; 4.220000e+02; 8.600000e+02; 3.910000e+02; 6.500000e+01; 2.800000e+02; 5.710000e+02; 7.820000e+02; 2.710000e+02; 6.090000e+02; 9.080000e+02; 8.440000e+02; 7.190000e+02; 6.850000e+02; 9.220000e+02; 7.000000e+02; 6.660000e+02; 7.770000e+02; 5.210000e+02; 5.120000e+02; 
4.880000e+02; 7.840000e+02; 6.630000e+02; 8.200000e+02; 2.890000e+02; 2.620000e+02; 4.590000e+02; 1.960000e+02; 1.190000e+02; 4.880000e+02; 3.430000e+02; 5.020000e+02; 4.270000e+02; 2.550000e+02; 4.230000e+02; 3.850000e+02; 1.610000e+02; 4.950000e+02; 7.590000e+02; 8.770000e+02; 0.000000e+00; 0.000000e+00; 0.000000e+00; 4.350000e+02; 4.840000e+02; 4.830000e+02; 1.640000e+02; 2.470000e+02; 3.960000e+02; 2.870000e+02; 7.170000e+02; 2.560000e+02; 2.100000e+02; 1.450000e+02; 4.280000e+02; 6.390000e+02; 1.840000e+02; 4.660000e+02; 7.650000e+02; 7.010000e+02; 5.760000e+02; 5.420000e+02; 7.790000e+02; 5.570000e+02; 5.310000e+02; 6.340000e+02; 3.780000e+02; 3.690000e+02; 
3.530000e+02; 6.410000e+02; 5.200000e+02; 6.770000e+02; 2.820000e+02; 1.100000e+02; 3.240000e+02; 6.100000e+01; 1.250000e+02; 3.530000e+02; 2.080000e+02; 3.640000e+02; 2.920000e+02; 2.610000e+02; 2.880000e+02; 2.500000e+02; 3.150000e+02; 3.520000e+02; 6.160000e+02; 7.340000e+02; 1.540000e+02; 0.000000e+00; 0.000000e+00; 0.000000e+00; 3.850000e+02; 5.400000e+01; 2.760000e+02; 6.710000e+02; 1.910000e+02; 2.540000e+02; 2.880000e+02; 4.780000e+02; 6.340000e+02; 5.090000e+02; 2.100000e+01; 3.330000e+02; 3.910000e+02; 2.550000e+02; 3.360000e+02; 4.900000e+02; 3.650000e+02; 1.570000e+02; 4.730000e+02; 1.280000e+02; 2.210000e+02; 2.050000e+02; 1.030000e+02; 1.490000e+02; 
3.240000e+02; 2.750000e+02; 9.100000e+01; 2.480000e+02; 6.380000e+02; 4.370000e+02; 2.400000e+02; 4.210000e+02; 5.490000e+02; 4.860000e+02; 3.290000e+02; 5.520000e+02; 2.970000e+02; 6.140000e+02; 3.480000e+02; 3.140000e+02; 7.390000e+02; 9.500000e+01; 1.870000e+02; 3.920000e+02; 5.780000e+02; 4.350000e+02; 0.000000e+00; 0.000000e+00; 0.000000e+00; 3.770000e+02; 3.260000e+02; 7.200000e+02; 4.710000e+02; 5.340000e+02; 4.160000e+02; 1.540000e+02; 6.830000e+02; 2.490000e+02; 4.070000e+02; 2.850000e+02; 4.920000e+02; 1.380000e+02; 4.280000e+02; 3.100000e+02; 2.000000e+02; 5.250000e+02; 4.250000e+02; 3.250000e+02; 5.890000e+02; 2.970000e+02; 3.840000e+02; 2.380000e+02; 
6.050000e+02; 2.870000e+02; 4.310000e+02; 5.880000e+02; 3.130000e+02; 4.450000e+02; 5.200000e+02; 4.700000e+02; 5.980000e+02; 1.430000e+02; 6.100000e+02; 2.150000e+02; 5.770000e+02; 7.340000e+02; 1.440000e+02; 5.950000e+02; 7.880000e+02; 3.520000e+02; 5.270000e+02; 4.040000e+02; 6.270000e+02; 4.840000e+02; 3.850000e+02; 0.000000e+00; 0.000000e+00; 0.000000e+00; 3.240000e+02; 7.190000e+02; 2.390000e+02; 3.020000e+02; 2.420000e+02; 5.260000e+02; 6.820000e+02; 5.580000e+02; 6.800000e+01; 2.870000e+02; 4.390000e+02; 2.410000e+02; 2.900000e+02; 4.580000e+02; 3.560000e+02; 1.440000e+02; 4.270000e+02; 8.200000e+01; 2.080000e+02; 1.590000e+02; 1.500000e+02; 2.300000e+02; 
3.720000e+02; 2.290000e+02; 3.900000e+01; 1.960000e+02; 6.860000e+02; 4.850000e+02; 2.880000e+02; 4.690000e+02; 5.970000e+02; 5.110000e+02; 3.970000e+02; 5.780000e+02; 3.450000e+02; 6.620000e+02; 3.960000e+02; 3.610000e+02; 7.870000e+02; 1.430000e+02; 1.350000e+02; 3.460000e+02; 6.260000e+02; 4.830000e+02; 5.400000e+01; 3.770000e+02; 0.000000e+00; 0.000000e+00; 0.000000e+00; 4.000000e+02; 2.500000e+02; 2.490000e+02; 5.580000e+02; 3.180000e+02; 3.630000e+02; 2.390000e+02; 2.690000e+02; 4.820000e+02; 1.660000e+02; 3.090000e+02; 6.060000e+02; 5.440000e+02; 4.190000e+02; 3.830000e+02; 6.220000e+02; 3.980000e+02; 3.720000e+02; 4.750000e+02; 2.190000e+02; 2.090000e+02; 
3.300000e+02; 4.840000e+02; 3.610000e+02; 5.180000e+02; 3.780000e+02; 1.190000e+02; 2.600000e+02; 1.500000e+02; 2.780000e+02; 3.230000e+02; 1.740000e+02; 3.890000e+02; 2.760000e+02; 4.140000e+02; 1.850000e+02; 2.070000e+02; 4.680000e+02; 1.930000e+02; 4.750000e+02; 5.770000e+02; 3.070000e+02; 1.640000e+02; 2.760000e+02; 3.260000e+02; 3.240000e+02; 0.000000e+00; 0.000000e+00; 0.000000e+00; 6.220000e+02; 5.150000e+02; 9.530000e+02; 4.840000e+02; 7.700000e+01; 3.730000e+02; 6.640000e+02; 8.750000e+02; 3.640000e+02; 7.020000e+02; 1.001000e+03; 9.370000e+02; 8.120000e+02; 7.780000e+02; 1.015000e+03; 7.930000e+02; 7.590000e+02; 8.700000e+02; 6.140000e+02; 6.050000e+02; 
5.810000e+02; 8.770000e+02; 7.560000e+02; 9.130000e+02; 3.700000e+02; 3.550000e+02; 5.520000e+02; 2.890000e+02; 2.120000e+02; 5.810000e+02; 4.360000e+02; 5.710000e+02; 5.200000e+02; 3.480000e+02; 5.160000e+02; 4.780000e+02; 8.400000e+01; 5.880000e+02; 8.520000e+02; 9.700000e+02; 9.300000e+01; 2.470000e+02; 6.710000e+02; 7.200000e+02; 7.190000e+02; 4.000000e+02; 0.000000e+00; 0.000000e+00; 0.000000e+00; 1.150000e+02; 4.730000e+02; 4.520000e+02; 5.850000e+02; 5.380000e+02; 1.840000e+02; 5.150000e+02; 2.520000e+02; 3.420000e+02; 5.210000e+02; 5.770000e+02; 4.520000e+02; 1.740000e+02; 6.550000e+02; 3.130000e+02; 1.370000e+02; 3.900000e+02; 9.400000e+01; 2.370000e+02; 
1.540000e+02; 4.600000e+02; 2.760000e+02; 4.330000e+02; 6.120000e+02; 2.980000e+02; 6.300000e+01; 4.530000e+02; 4.190000e+02; 4.600000e+02; 1.900000e+02; 5.260000e+02; 1.580000e+02; 4.750000e+02; 3.220000e+02; 1.750000e+02; 6.900000e+02; 1.260000e+02; 3.720000e+02; 5.770000e+02; 5.290000e+02; 3.960000e+02; 1.910000e+02; 4.710000e+02; 2.390000e+02; 2.500000e+02; 6.220000e+02; 0.000000e+00; 0.000000e+00; 0.000000e+00; 5.360000e+02; 5.150000e+02; 4.790000e+02; 4.300000e+02; 2.470000e+02; 5.780000e+02; 1.450000e+02; 4.050000e+02; 5.840000e+02; 6.400000e+02; 5.150000e+02; 2.890000e+02; 7.180000e+02; 3.760000e+02; 1.770000e+02; 4.530000e+02; 1.650000e+02; 3.000000e+02; 
7.000000e+01; 5.230000e+02; 3.390000e+02; 4.960000e+02; 5.690000e+02; 1.910000e+02; 2.700000e+01; 3.460000e+02; 3.120000e+02; 5.160000e+02; 8.300000e+01; 5.890000e+02; 4.700000e+01; 3.680000e+02; 3.850000e+02; 6.800000e+01; 5.830000e+02; 1.890000e+02; 4.350000e+02; 6.400000e+02; 4.220000e+02; 2.870000e+02; 2.540000e+02; 5.340000e+02; 3.020000e+02; 2.490000e+02; 5.150000e+02; 1.150000e+02; 0.000000e+00; 0.000000e+00; 0.000000e+00; 5.560000e+02; 9.160000e+02; 6.540000e+02; 3.020000e+02; 2.090000e+02; 6.730000e+02; 2.870000e+02; 1.220000e+02; 3.930000e+02; 3.180000e+02; 3.860000e+02; 3.430000e+02; 1.750000e+02; 4.500000e+02; 1.190000e+02; 3.840000e+02; 3.520000e+02; 
6.060000e+02; 1.830000e+02; 2.160000e+02; 1.470000e+02; 7.150000e+02; 7.190000e+02; 5.220000e+02; 7.030000e+02; 8.310000e+02; 5.490000e+02; 6.110000e+02; 6.150000e+02; 5.790000e+02; 8.960000e+02; 5.460000e+02; 5.960000e+02; 1.021000e+03; 3.770000e+02; 1.390000e+02; 2.090000e+02; 8.600000e+02; 7.170000e+02; 2.880000e+02; 4.160000e+02; 2.420000e+02; 5.580000e+02; 9.530000e+02; 4.730000e+02; 5.360000e+02; 0.000000e+00; 0.000000e+00; 0.000000e+00; 3.990000e+02; 1.280000e+02; 4.710000e+02; 4.250000e+02; 4.380000e+02; 2.780000e+02; 5.680000e+02; 4.500000e+02; 3.400000e+02; 5.850000e+02; 5.650000e+02; 4.650000e+02; 5.890000e+02; 4.370000e+02; 4.210000e+02; 3.780000e+02; 
5.850000e+02; 4.270000e+02; 5.630000e+02; 7.200000e+02; 1.790000e+02; 4.370000e+02; 5.010000e+02; 1.960000e+02; 3.620000e+02; 8.000000e+01; 5.320000e+02; 1.080000e+02; 5.580000e+02; 4.980000e+02; 1.630000e+02; 5.670000e+02; 5.520000e+02; 3.950000e+02; 6.590000e+02; 5.440000e+02; 3.910000e+02; 2.560000e+02; 4.780000e+02; 1.540000e+02; 5.260000e+02; 3.180000e+02; 4.840000e+02; 4.520000e+02; 5.150000e+02; 5.560000e+02; 0.000000e+00; 0.000000e+00; 0.000000e+00; 3.360000e+02; 6.270000e+02; 8.380000e+02; 3.270000e+02; 6.650000e+02; 9.640000e+02; 9.000000e+02; 7.750000e+02; 7.410000e+02; 9.780000e+02; 7.560000e+02; 7.220000e+02; 8.330000e+02; 5.770000e+02; 5.680000e+02; 
5.440000e+02; 8.400000e+02; 7.190000e+02; 8.760000e+02; 3.110000e+02; 3.180000e+02; 5.150000e+02; 2.520000e+02; 1.750000e+02; 5.080000e+02; 3.990000e+02; 4.940000e+02; 4.830000e+02; 3.110000e+02; 4.790000e+02; 4.410000e+02; 1.540000e+02; 5.510000e+02; 8.150000e+02; 9.330000e+02; 6.500000e+01; 2.100000e+02; 6.340000e+02; 6.830000e+02; 6.820000e+02; 3.630000e+02; 7.700000e+01; 5.850000e+02; 4.790000e+02; 9.160000e+02; 3.990000e+02; 0.000000e+00; 0.000000e+00; 0.000000e+00; 5.030000e+02; 5.230000e+02; 3.270000e+02; 3.760000e+02; 6.660000e+02; 5.480000e+02; 4.380000e+02; 6.180000e+02; 6.630000e+02; 5.630000e+02; 6.750000e+02; 5.350000e+02; 4.540000e+02; 4.450000e+02; 
4.960000e+02; 5.250000e+02; 5.950000e+02; 7.510000e+02; 1.470000e+02; 2.530000e+02; 4.680000e+02; 8.500000e+01; 2.510000e+02; 2.080000e+02; 3.510000e+02; 2.360000e+02; 4.350000e+02; 3.870000e+02; 1.620000e+02; 3.930000e+02; 4.410000e+02; 4.270000e+02; 6.910000e+02; 6.460000e+02; 2.800000e+02; 1.450000e+02; 5.090000e+02; 2.490000e+02; 5.580000e+02; 2.390000e+02; 3.730000e+02; 5.380000e+02; 4.300000e+02; 6.540000e+02; 1.280000e+02; 3.360000e+02; 0.000000e+00; 0.000000e+00; 0.000000e+00; 3.470000e+02; 3.840000e+02; 2.770000e+02; 3.500000e+02; 5.120000e+02; 3.870000e+02; 1.320000e+02; 4.870000e+02; 1.420000e+02; 1.960000e+02; 2.190000e+02; 9.200000e+01; 1.720000e+02; 
3.170000e+02; 2.890000e+02; 1.050000e+02; 2.620000e+02; 6.310000e+02; 4.300000e+02; 2.330000e+02; 4.140000e+02; 5.420000e+02; 4.790000e+02; 3.320000e+02; 5.450000e+02; 2.900000e+02; 6.070000e+02; 3.410000e+02; 3.070000e+02; 7.320000e+02; 8.800000e+01; 2.010000e+02; 4.060000e+02; 5.710000e+02; 4.280000e+02; 2.100000e+01; 4.070000e+02; 6.800000e+01; 2.690000e+02; 6.640000e+02; 1.840000e+02; 2.470000e+02; 3.020000e+02; 4.710000e+02; 6.270000e+02; 5.030000e+02; 0.000000e+00; 0.000000e+00; 0.000000e+00; 7.150000e+02; 1.670000e+02; 1.690000e+02; 1.790000e+02; 1.200000e+02; 4.310000e+02; 1.380000e+02; 2.200000e+02; 4.950000e+02; 1.390000e+02; 4.290000e+02; 2.810000e+02; 
6.480000e+02; 6.800000e+01; 3.160000e+02; 3.620000e+02; 5.840000e+02; 5.980000e+02; 5.640000e+02; 6.250000e+02; 7.530000e+02; 4.180000e+02; 6.530000e+02; 4.840000e+02; 6.210000e+02; 8.910000e+02; 4.150000e+02; 6.380000e+02; 9.430000e+02; 3.950000e+02; 4.120000e+02; 9.500000e+01; 7.820000e+02; 6.390000e+02; 3.330000e+02; 2.850000e+02; 2.870000e+02; 4.820000e+02; 8.750000e+02; 5.150000e+02; 5.780000e+02; 2.090000e+02; 4.250000e+02; 8.380000e+02; 5.230000e+02; 3.470000e+02; 0.000000e+00; 0.000000e+00; 0.000000e+00; 5.420000e+02; 7.210000e+02; 7.770000e+02; 6.520000e+02; 4.260000e+02; 8.550000e+02; 5.130000e+02; 3.890000e+02; 5.900000e+02; 3.020000e+02; 4.360000e+02; 
2.110000e+02; 6.600000e+02; 4.760000e+02; 6.330000e+02; 4.660000e+02; 7.400000e+01; 1.820000e+02; 2.430000e+02; 1.710000e+02; 4.890000e+02; 6.600000e+01; 5.550000e+02; 1.500000e+02; 2.270000e+02; 3.510000e+02; 1.080000e+02; 4.320000e+02; 3.260000e+02; 5.720000e+02; 7.770000e+02; 2.710000e+02; 1.840000e+02; 3.910000e+02; 4.920000e+02; 4.390000e+02; 1.660000e+02; 3.640000e+02; 2.520000e+02; 1.450000e+02; 6.730000e+02; 4.380000e+02; 3.270000e+02; 3.270000e+02; 3.840000e+02; 7.150000e+02; 0.000000e+00; 0.000000e+00; 0.000000e+00; 2.990000e+02; 2.290000e+02; 1.040000e+02; 3.950000e+02; 3.070000e+02; 1.870000e+02; 4.590000e+02; 1.680000e+02; 2.540000e+02; 1.080000e+02; 
4.750000e+02; 1.370000e+02; 2.950000e+02; 4.520000e+02; 4.370000e+02; 4.280000e+02; 3.910000e+02; 4.520000e+02; 5.800000e+02; 2.710000e+02; 4.800000e+02; 3.370000e+02; 4.480000e+02; 7.180000e+02; 2.680000e+02; 4.650000e+02; 7.700000e+02; 2.220000e+02; 3.910000e+02; 2.540000e+02; 6.090000e+02; 4.660000e+02; 2.550000e+02; 1.380000e+02; 2.410000e+02; 3.090000e+02; 7.020000e+02; 3.420000e+02; 4.050000e+02; 2.870000e+02; 2.780000e+02; 6.650000e+02; 3.760000e+02; 2.770000e+02; 1.670000e+02; 5.420000e+02; 0.000000e+00; 0.000000e+00; 0.000000e+00; 3.530000e+02; 2.890000e+02; 4.340000e+02; 2.840000e+02; 2.230000e+02; 4.980000e+02; 1.310000e+02; 4.320000e+02; 3.320000e+02; 
6.540000e+02; 1.510000e+02; 3.190000e+02; 2.660000e+02; 7.550000e+02; 7.670000e+02; 5.700000e+02; 7.510000e+02; 8.790000e+02; 5.610000e+02; 6.590000e+02; 6.270000e+02; 6.270000e+02; 9.440000e+02; 5.580000e+02; 6.440000e+02; 1.069000e+03; 4.250000e+02; 2.620000e+02; 1.030000e+02; 9.080000e+02; 7.650000e+02; 3.360000e+02; 4.280000e+02; 2.900000e+02; 6.060000e+02; 1.001000e+03; 5.210000e+02; 5.840000e+02; 1.220000e+02; 5.680000e+02; 9.640000e+02; 6.660000e+02; 3.500000e+02; 1.690000e+02; 7.210000e+02; 2.990000e+02; 0.000000e+00; 0.000000e+00; 0.000000e+00; 1.210000e+02; 6.300000e+02; 1.380000e+02; 3.910000e+02; 6.940000e+02; 3.100000e+02; 4.890000e+02; 3.430000e+02; 
7.100000e+02; 2.390000e+02; 4.870000e+02; 5.460000e+02; 6.160000e+02; 6.600000e+02; 6.260000e+02; 6.870000e+02; 8.150000e+02; 4.430000e+02; 7.150000e+02; 5.090000e+02; 6.830000e+02; 9.530000e+02; 4.400000e+02; 7.000000e+02; 1.005000e+03; 4.570000e+02; 5.830000e+02; 2.790000e+02; 8.440000e+02; 7.010000e+02; 4.900000e+02; 3.100000e+02; 4.580000e+02; 5.440000e+02; 9.370000e+02; 5.770000e+02; 6.400000e+02; 3.930000e+02; 4.500000e+02; 9.000000e+02; 5.480000e+02; 5.120000e+02; 1.790000e+02; 7.770000e+02; 2.290000e+02; 3.530000e+02; 0.000000e+00; 0.000000e+00; 0.000000e+00; 5.050000e+02; 2.350000e+02; 2.890000e+02; 5.690000e+02; 2.080000e+02; 3.640000e+02; 2.180000e+02; 
5.850000e+02; 1.350000e+02; 3.850000e+02; 4.580000e+02; 4.990000e+02; 5.350000e+02; 5.010000e+02; 5.620000e+02; 6.900000e+02; 3.330000e+02; 5.900000e+02; 3.990000e+02; 5.580000e+02; 8.280000e+02; 3.300000e+02; 5.750000e+02; 8.800000e+02; 3.320000e+02; 4.810000e+02; 2.150000e+02; 7.190000e+02; 5.760000e+02; 3.650000e+02; 2.000000e+02; 3.560000e+02; 4.190000e+02; 8.120000e+02; 4.520000e+02; 5.150000e+02; 3.180000e+02; 3.400000e+02; 7.750000e+02; 4.380000e+02; 3.870000e+02; 1.200000e+02; 6.520000e+02; 1.040000e+02; 2.890000e+02; 1.210000e+02; 0.000000e+00; 0.000000e+00; 0.000000e+00; 5.710000e+02; 2.260000e+02; 8.000000e+01; 3.030000e+02; 1.650000e+02; 2.900000e+02; 
2.460000e+02; 3.730000e+02; 1.830000e+02; 3.400000e+02; 7.450000e+02; 4.720000e+02; 2.370000e+02; 5.280000e+02; 6.560000e+02; 5.930000e+02; 3.640000e+02; 6.590000e+02; 3.320000e+02; 6.490000e+02; 4.550000e+02; 3.490000e+02; 8.460000e+02; 2.020000e+02; 2.790000e+02; 4.900000e+02; 6.850000e+02; 5.420000e+02; 1.570000e+02; 5.250000e+02; 1.440000e+02; 3.830000e+02; 7.780000e+02; 1.740000e+02; 2.890000e+02; 3.860000e+02; 5.850000e+02; 7.410000e+02; 6.180000e+02; 1.320000e+02; 4.310000e+02; 4.260000e+02; 3.950000e+02; 4.340000e+02; 6.300000e+02; 5.050000e+02; 0.000000e+00; 0.000000e+00; 0.000000e+00; 3.600000e+02; 6.350000e+02; 2.790000e+02; 5.690000e+02; 4.210000e+02; 
7.880000e+02; 2.080000e+02; 4.560000e+02; 4.880000e+02; 7.240000e+02; 7.380000e+02; 7.040000e+02; 7.650000e+02; 8.930000e+02; 5.580000e+02; 7.930000e+02; 6.240000e+02; 7.610000e+02; 1.031000e+03; 5.550000e+02; 7.780000e+02; 1.083000e+03; 5.350000e+02; 5.520000e+02; 1.880000e+02; 9.220000e+02; 7.790000e+02; 4.730000e+02; 4.250000e+02; 4.270000e+02; 6.220000e+02; 1.015000e+03; 6.550000e+02; 7.180000e+02; 3.430000e+02; 5.650000e+02; 9.780000e+02; 6.630000e+02; 4.870000e+02; 1.380000e+02; 8.550000e+02; 3.070000e+02; 2.840000e+02; 1.380000e+02; 2.350000e+02; 5.710000e+02; 0.000000e+00; 0.000000e+00; 0.000000e+00; 2.900000e+02; 9.200000e+01; 2.240000e+02; 1.640000e+02; 
4.460000e+02; 1.620000e+02; 1.110000e+02; 2.680000e+02; 6.240000e+02; 5.590000e+02; 3.620000e+02; 5.430000e+02; 6.710000e+02; 4.580000e+02; 4.510000e+02; 5.240000e+02; 4.190000e+02; 7.360000e+02; 4.550000e+02; 4.360000e+02; 8.610000e+02; 2.170000e+02; 2.070000e+02; 2.790000e+02; 7.000000e+02; 5.570000e+02; 1.280000e+02; 3.250000e+02; 8.200000e+01; 3.980000e+02; 7.930000e+02; 3.130000e+02; 3.760000e+02; 1.750000e+02; 4.650000e+02; 7.560000e+02; 5.630000e+02; 1.420000e+02; 2.200000e+02; 5.130000e+02; 1.870000e+02; 2.230000e+02; 3.910000e+02; 2.890000e+02; 2.260000e+02; 3.600000e+02; 0.000000e+00; 0.000000e+00; 0.000000e+00; 3.670000e+02; 1.540000e+02; 3.540000e+02; 
1.660000e+02; 4.370000e+02; 2.470000e+02; 4.040000e+02; 7.490000e+02; 4.350000e+02; 1.500000e+02; 5.900000e+02; 5.560000e+02; 5.970000e+02; 4.020000e+02; 6.630000e+02; 2.950000e+02; 6.120000e+02; 4.590000e+02; 3.870000e+02; 8.270000e+02; 1.890000e+02; 3.430000e+02; 5.540000e+02; 6.660000e+02; 5.310000e+02; 2.210000e+02; 5.890000e+02; 2.080000e+02; 3.720000e+02; 7.590000e+02; 1.370000e+02; 1.770000e+02; 4.500000e+02; 5.890000e+02; 7.220000e+02; 6.750000e+02; 1.960000e+02; 4.950000e+02; 3.890000e+02; 4.590000e+02; 4.980000e+02; 6.940000e+02; 5.690000e+02; 8.000000e+01; 6.350000e+02; 2.900000e+02; 0.000000e+00; 0.000000e+00; 0.000000e+00; 3.010000e+02; 2.010000e+02; 
5.230000e+02; 8.100000e+01; 1.880000e+02; 2.550000e+02; 5.960000e+02; 6.360000e+02; 4.390000e+02; 6.200000e+02; 6.480000e+02; 4.300000e+02; 5.280000e+02; 4.960000e+02; 4.960000e+02; 8.130000e+02; 4.270000e+02; 5.130000e+02; 9.380000e+02; 2.940000e+02; 2.840000e+02; 1.930000e+02; 7.770000e+02; 6.340000e+02; 2.050000e+02; 2.970000e+02; 1.590000e+02; 4.750000e+02; 8.700000e+02; 3.900000e+02; 4.530000e+02; 1.190000e+02; 4.370000e+02; 8.330000e+02; 5.350000e+02; 2.190000e+02; 1.390000e+02; 5.900000e+02; 1.680000e+02; 1.310000e+02; 3.100000e+02; 2.080000e+02; 3.030000e+02; 2.790000e+02; 9.200000e+01; 3.670000e+02; 0.000000e+00; 0.000000e+00; 0.000000e+00; 1.490000e+02; 
2.350000e+02; 3.710000e+02; 1.870000e+02; 3.440000e+02; 5.810000e+02; 3.480000e+02; 1.510000e+02; 3.640000e+02; 4.690000e+02; 4.290000e+02; 2.400000e+02; 4.950000e+02; 2.080000e+02; 5.250000e+02; 2.910000e+02; 2.250000e+02; 6.820000e+02; 3.200000e+01; 2.830000e+02; 4.880000e+02; 5.210000e+02; 3.780000e+02; 1.030000e+02; 3.840000e+02; 1.500000e+02; 2.190000e+02; 6.140000e+02; 9.400000e+01; 1.650000e+02; 3.840000e+02; 4.210000e+02; 5.770000e+02; 4.540000e+02; 9.200000e+01; 4.290000e+02; 3.020000e+02; 2.540000e+02; 4.320000e+02; 4.890000e+02; 3.640000e+02; 1.650000e+02; 5.690000e+02; 2.240000e+02; 1.540000e+02; 3.010000e+02; 0.000000e+00; 0.000000e+00; 0.000000e+00; 
3.690000e+02; 2.050000e+02; 2.890000e+02; 4.460000e+02; 5.370000e+02; 3.280000e+02; 2.860000e+02; 3.550000e+02; 4.830000e+02; 3.710000e+02; 3.750000e+02; 4.370000e+02; 3.430000e+02; 5.540000e+02; 2.690000e+02; 3.600000e+02; 6.730000e+02; 1.160000e+02; 3.850000e+02; 3.220000e+02; 5.120000e+02; 3.690000e+02; 1.490000e+02; 2.380000e+02; 2.300000e+02; 2.090000e+02; 6.050000e+02; 2.370000e+02; 3.000000e+02; 3.520000e+02; 3.780000e+02; 5.680000e+02; 4.450000e+02; 1.720000e+02; 2.810000e+02; 4.360000e+02; 1.080000e+02; 3.320000e+02; 3.430000e+02; 2.180000e+02; 2.900000e+02; 4.210000e+02; 1.640000e+02; 3.540000e+02; 2.010000e+02; 1.490000e+02; 0.000000e+00; 0.000000e+00; 
Recursion step 1:
Costs:
0.000000e+00; 3.150000e+02; 5.290000e+02; 3.647500e+02; 5.430000e+02; 4.392500e+02; 4.482500e+02; 5.497500e+02; 5.777500e+02; 3.705000e+02; 5.247500e+02; 3.982500e+02; 3.732500e+02; 5.680000e+02; 3.017500e+02; 4.502500e+02; 6.012500e+02; 3.305000e+02; 3.707500e+02; 4.385000e+02; 3.347500e+02; 4.010000e+02; 3.017500e+02; 2.950000e+02; 
3.150000e+02; 0.000000e+00; 4.420000e+02; 5.020000e+02; 6.485000e+02; 5.675000e+02; 5.845000e+02; 6.445000e+02; 6.925000e+02; 1.742500e+02; 5.530000e+02; 3.840000e+02; 3.135000e+02; 6.370000e+02; 3.860000e+02; 4.115000e+02; 7.352500e+02; 2.612500e+02; 4.640000e+02; 4.045000e+02; 3.415000e+02; 3.307500e+02; 2.735000e+02; 3.165000e+02; 
5.290000e+02; 4.420000e+02; 0.000000e+00; 3.040000e+02; 2.420000e+02; 3.290000e+02; 3.710000e+02; 3.430000e+02; 3.882500e+02; 5.660000e+02; 4.807500e+02; 3.667500e+02; 4.822500e+02; 3.055000e+02; 4.175000e+02; 5.125000e+02; 2.572500e+02; 5.607500e+02; 3.512500e+02; 6.995000e+02; 5.627500e+02; 6.612500e+02; 6.040000e+02; 4.485000e+02; 
3.647500e+02; 5.020000e+02; 3.040000e+02; 0.000000e+00; 2.247500e+02; 2.972500e+02; 3.267500e+02; 3.267500e+02; 3.477500e+02; 3.840000e+02; 5.002500e+02; 2.615000e+02; 4.367500e+02; 3.127500e+02; 2.222500e+02; 4.805000e+02; 3.300000e+02; 4.590000e+02; 3.170000e+02; 6.585000e+02; 4.570000e+02; 5.935000e+02; 4.497500e+02; 2.890000e+02; 
5.430000e+02; 6.485000e+02; 2.420000e+02; 2.247500e+02; 0.000000e+00; 3.007500e+02; 3.565000e+02; 3.212500e+02; 4.447500e+02; 5.647500e+02; 4.970000e+02; 3.782500e+02; 4.622500e+02; 3.485000e+02; 4.267500e+02; 4.555000e+02; 2.855000e+02; 5.480000e+02; 3.777500e+02; 6.745000e+02; 5.680000e+02; 6.450000e+02; 5.577500e+02; 4.380000e+02; 
4.392500e+02; 5.675000e+02; 3.290000e+02; 2.972500e+02; 3.007500e+02; 0.000000e+00; 3.247500e+02; 3.795000e+02; 4.560000e+02; 4.925000e+02; 5.425000e+02; 3.632500e+02; 4.500000e+02; 3.925000e+02; 3.470000e+02; 4.665000e+02; 3.700000e+02; 5.035000e+02; 3.595000e+02; 6.275000e+02; 5.030000e+02; 5.980000e+02; 5.222500e+02; 3.867500e+02; 
4.482500e+02; 5.845000e+02; 3.710000e+02; 3.267500e+02; 3.565000e+02; 3.247500e+02; 0.000000e+00; 3.320000e+02; 3.327500e+02; 5.135000e+02; 5.877500e+02; 3.660000e+02; 5.795000e+02; 3.895000e+02; 2.620000e+02; 6.327500e+02; 4.040000e+02; 6.022500e+02; 3.857500e+02; 8.017500e+02; 5.917500e+02; 7.367500e+02; 5.540000e+02; 4.075000e+02; 
5.497500e+02; 6.445000e+02; 3.430000e+02; 3.267500e+02; 3.212500e+02; 3.795000e+02; 3.320000e+02; 0.000000e+00; 3.910000e+02; 3.842500e+02; 5.105000e+02; 3.000000e+02; 3.740000e+02; 3.465000e+02; 2.375000e+02; 4.680000e+02; 3.687500e+02; 4.252500e+02; 2.980000e+02; 5.855000e+02; 4.272500e+02; 5.560000e+02; 4.465000e+02; 2.862500e+02; 
5.777500e+02; 6.925000e+02; 3.882500e+02; 3.477500e+02; 4.447500e+02; 4.560000e+02; 3.327500e+02; 3.910000e+02; 0.000000e+00; 4.630000e+02; 5.437500e+02; 3.752500e+02; 5.175000e+02; 3.332500e+02; 3.970000e+02; 5.862500e+02; 3.932500e+02; 5.395000e+02; 4.375000e+02; 7.390000e+02; 5.650000e+02; 6.740000e+02; 5.620000e+02; 3.757500e+02; 
3.705000e+02; 1.742500e+02; 5.660000e+02; 3.840000e+02; 5.647500e+02; 4.925000e+02; 5.135000e+02; 3.842500e+02; 4.630000e+02; 0.000000e+00; 4.952500e+02; 4.822500e+02; 3.530000e+02; 7.185000e+02; 5.060000e+02; 3.877500e+02; 7.712500e+02; 2.785000e+02; 4.985000e+02; 3.067500e+02; 3.662500e+02; 3.065000e+02; 3.435000e+02; 3.695000e+02; 
5.247500e+02; 5.530000e+02; 4.807500e+02; 5.002500e+02; 4.970000e+02; 5.425000e+02; 5.877500e+02; 5.105000e+02; 5.437500e+02; 4.952500e+02; 0.000000e+00; 2.917500e+02; 5.550000e+02; 2.027500e+02; 4.085000e+02; 5.560000e+02; 1.750000e+02; 6.050000e+02; 3.825000e+02; 8.045000e+02; 6.305000e+02; 7.395000e+02; 6.520000e+02; 4.450000e+02; 
3.982500e+02; 3.840000e+02; 3.667500e+02; 2.615000e+02; 3.782500e+02; 3.632500e+02; 3.660000e+02; 3.000000e+02; 3.752500e+02; 4.822500e+02; 2.917500e+02; 0.000000e+00; 2.040000e+02; 4.982500e+02; 3.625000e+02; 3.340000e+02; 5.187500e+02; 2.615000e+02; 3.190000e+02; 3.910000e+02; 3.117500e+02; 3.377500e+02; 3.280000e+02; 2.185000e+02; 
3.732500e+02; 3.135000e+02; 4.822500e+02; 4.367500e+02; 4.622500e+02; 4.500000e+02; 5.795000e+02; 3.740000e+02; 5.175000e+02; 3.530000e+02; 5.550000e+02; 2.040000e+02; 0.000000e+00; 3.607500e+02; 2.600000e+02; 4.110000e+02; 4.605000e+02; 2.765000e+02; 2.887500e+02; 4.745000e+02; 3.255000e+02; 3.822500e+02; 3.035000e+02; 2.020000e+02; 
5.680000e+02; 6.370000e+02; 3.055000e+02; 3.127500e+02; 3.485000e+02; 3.925000e+02; 3.895000e+02; 3.465000e+02; 3.332500e+02; 7.185000e+02; 2.027500e+02; 4.982500e+02; 3.607500e+02; 0.000000e+00; 3.130000e+02; 5.905000e+02; 3.932500e+02; 5.595000e+02; 4.150000e+02; 7.590000e+02; 5.540000e+02; 6.940000e+02; 5.390000e+02; 3.875000e+02; 
3.017500e+02; 3.860000e+02; 4.175000e+02; 2.222500e+02; 4.267500e+02; 3.470000e+02; 2.620000e+02; 2.375000e+02; 3.970000e+02; 5.060000e+02; 4.085000e+02; 3.625000e+02; 2.600000e+02; 3.130000e+02; 0.000000e+00; 4.017500e+02; 6.197500e+02; 3.340000e+02; 3.775000e+02; 4.347500e+02; 3.770000e+02; 4.030000e+02; 2.997500e+02; 3.002500e+02; 
4.502500e+02; 4.115000e+02; 5.125000e+02; 4.805000e+02; 4.555000e+02; 4.665000e+02; 6.327500e+02; 4.680000e+02; 5.862500e+02; 3.877500e+02; 5.560000e+02; 3.340000e+02; 4.110000e+02; 5.905000e+02; 4.017500e+02; 0.000000e+00; 2.157500e+02; 5.902500e+02; 4.270000e+02; 7.205000e+02; 6.102500e+02; 6.910000e+02; 6.452500e+02; 4.860000e+02; 
6.012500e+02; 7.352500e+02; 2.572500e+02; 3.300000e+02; 2.855000e+02; 3.700000e+02; 4.040000e+02; 3.687500e+02; 3.932500e+02; 7.712500e+02; 1.750000e+02; 5.187500e+02; 4.605000e+02; 3.932500e+02; 6.197500e+02; 2.157500e+02; 0.000000e+00; 3.432500e+02; 3.410000e+02; 5.190000e+02; 3.937500e+02; 4.637500e+02; 4.062500e+02; 2.907500e+02; 
3.305000e+02; 2.612500e+02; 5.607500e+02; 4.590000e+02; 5.480000e+02; 5.035000e+02; 6.022500e+02; 4.252500e+02; 5.395000e+02; 2.785000e+02; 6.050000e+02; 2.615000e+02; 2.765000e+02; 5.595000e+02; 3.340000e+02; 5.902500e+02; 3.432500e+02; 0.000000e+00; 3.560000e+02; 4.615000e+02; 4.072500e+02; 4.315000e+02; 4.032500e+02; 3.620000e+02; 
3.707500e+02; 4.640000e+02; 3.512500e+02; 3.170000e+02; 3.777500e+02; 3.595000e+02; 3.857500e+02; 2.980000e+02; 4.375000e+02; 4.985000e+02; 3.825000e+02; 3.190000e+02; 2.887500e+02; 4.150000e+02; 3.775000e+02; 4.270000e+02; 3.410000e+02; 3.560000e+02; 0.000000e+00; 2.202500e+02; 3.055000e+02; 2.502500e+02; 3.140000e+02; 2.815000e+02; 
4.385000e+02; 4.045000e+02; 6.995000e+02; 6.585000e+02; 6.745000e+02; 6.275000e+02; 8.017500e+02; 5.855000e+02; 7.390000e+02; 3.067500e+02; 8.045000e+02; 3.910000e+02; 4.745000e+02; 7.590000e+02; 4.347500e+02; 7.205000e+02; 5.190000e+02; 4.615000e+02; 2.202500e+02; 0.000000e+00; 3.140000e+02; 2.632500e+02; 4.452500e+02; 3.535000e+02; 
3.347500e+02; 3.415000e+02; 5.627500e+02; 4.570000e+02; 5.680000e+02; 5.030000e+02; 5.917500e+02; 4.272500e+02; 5.650000e+02; 3.662500e+02; 6.305000e+02; 3.117500e+02; 3.255000e+02; 5.540000e+02; 3.770000e+02; 6.102500e+02; 3.937500e+02; 4.072500e+02; 3.055000e+02; 3.140000e+02; 0.000000e+00; 2.892500e+02; 3.242500e+02; 3.612500e+02; 
4.010000e+02; 3.307500e+02; 6.612500e+02; 5.935000e+02; 6.450000e+02; 5.980000e+02; 7.367500e+02; 5.560000e+02; 6.740000e+02; 3.065000e+02; 7.395000e+02; 3.377500e+02; 3.822500e+02; 6.940000e+02; 4.030000e+02; 6.910000e+02; 4.637500e+02; 4.315000e+02; 2.502500e+02; 2.632500e+02; 2.892500e+02; 0.000000e+00; 1.872500e+02; 2.240000e+02; 
