Recursion step 0:
Costs:
0.000000e+00; 0.000000e+00; 2.730000e+02; 1.272000e+03; 7.440000e+02; 1.138000e+03; 1.972000e+03; 1.580000e+03; 1.878000e+03; 1.539000e+03; 1.457000e+03; 4.290000e+02; 1.129000e+03; 1.251000e+03; 1.421000e+03; 5.880000e+02; 3.340000e+02; 8.370000e+02; 1.364000e+03; 2.290000e+02; 9.610000e+02; 7.540000e+02; 1.169000e+03; 1.488000e+03; 7.200000e+02; 1.280000e+03; 8.160000e+02; 6.640000e+02; 1.178000e+03; 9.390000e+02; 1.698000e+03; 9.830000e+02; 1.119000e+03; 1.029000e+03; 1.815000e+03; 7.210000e+02; 1.753000e+03; 3.300000e+02; 1.499000e+03; 1.107000e+03; 1.576000e+03; 9.420000e+02; 4.840000e+02; 6.170000e+02; 8.960000e+02; 1.184000e+03; 1.030000e+03; 1.718000e+03; 
0.000000e+00; 0.000000e+00; 0.000000e+00; 9.990000e+02; 8.090000e+02; 8.660000e+02; 1.722000e+03; 1.338000e+03; 1.640000e+03; 1.226000e+03; 1.185000e+03; 4.400000e+02; 8.940000e+02; 9.920000e+02; 1.173000e+03; 3.340000e+02; 3.580000e+02; 6.260000e+02; 1.124000e+03; 3.580000e+02; 8.470000e+02; 5.330000e+02; 9.150000e+02; 1.219000e+03; 4.810000e+02; 1.009000e+03; 5.430000e+02; 9.370000e+02; 9.150000e+02; 6.670000e+02; 1.441000e+03; 8.120000e+02; 8.480000e+02; 7.760000e+02; 1.560000e+03; 5.260000e+02; 1.494000e+03; 5.980000e+02; 1.244000e+03; 1.304000e+03; 1.306000e+03; 6.850000e+02; 6.680000e+02; 4.440000e+02; 1.157000e+03; 1.359000e+03; 1.176000e+03; 1.475000e+03; 
2.730000e+02; 0.000000e+00; 0.000000e+00; 0.000000e+00; 1.519000e+03; 1.400000e+02; 9.370000e+02; 6.970000e+02; 9.510000e+02; 2.670000e+02; 2.270000e+02; 1.229000e+03; 5.870000e+02; 3.690000e+02; 5.540000e+02; 7.210000e+02; 1.212000e+03; 7.390000e+02; 5.960000e+02; 1.291000e+03; 1.114000e+03; 7.010000e+02; 4.260000e+02; 2.850000e+02; 6.760000e+02; 1.550000e+02; 4.560000e+02; 1.936000e+03; 3.190000e+02; 3.370000e+02; 6.040000e+02; 9.070000e+02; 2.140000e+02; 4.240000e+02; 7.480000e+02; 8.170000e+02; 6.660000e+02; 1.592000e+03; 5.210000e+02; 2.172000e+03; 3.560000e+02; 4.670000e+02; 1.583000e+03; 8.820000e+02; 2.139000e+03; 2.182000e+03; 1.961000e+03; 7.810000e+02; 
1.272000e+03; 9.990000e+02; 0.000000e+00; 0.000000e+00; 0.000000e+00; 1.425000e+03; 1.861000e+03; 1.473000e+03; 1.713000e+03; 1.761000e+03; 1.617000e+03; 3.700000e+02; 1.073000e+03; 1.304000e+03; 1.369000e+03; 1.092000e+03; 4.530000e+02; 7.980000e+02; 1.283000e+03; 9.730000e+02; 5.650000e+02; 1.315000e+03; 1.204000e+03; 1.796000e+03; 8.460000e+02; 1.447000e+03; 1.143000e+03; 9.590000e+02; 1.275000e+03; 1.213000e+03; 2.085000e+03; 7.420000e+02; 1.309000e+03; 1.479000e+03; 1.760000e+03; 7.030000e+02; 1.727000e+03; 8.720000e+02; 1.479000e+03; 6.860000e+02; 1.698000e+03; 1.057000e+03; 3.870000e+02; 1.252000e+03; 9.040000e+02; 6.680000e+02; 4.430000e+02; 1.600000e+03; 
7.440000e+02; 8.090000e+02; 1.519000e+03; 0.000000e+00; 0.000000e+00; 0.000000e+00; 1.052000e+03; 7.760000e+02; 1.049000e+03; 4.020000e+02; 3.610000e+02; 1.119000e+03; 5.780000e+02; 4.060000e+02; 6.180000e+02; 5.810000e+02; 1.095000e+03; 6.700000e+02; 6.410000e+02; 1.152000e+03; 1.060000e+03; 5.670000e+02; 4.430000e+02; 3.740000e+02; 5.790000e+02; 2.350000e+02; 3.250000e+02; 1.802000e+03; 3.310000e+02; 2.170000e+02; 6.650000e+02; 8.620000e+02; 1.820000e+02; 3.120000e+02; 8.640000e+02; 7.320000e+02; 7.830000e+02; 1.456000e+03; 6.080000e+02; 2.066000e+03; 4.910000e+02; 4.000000e+02; 1.466000e+03; 7.440000e+02; 2.013000e+03; 2.082000e+03; 1.865000e+03; 8.750000e+02; 
1.138000e+03; 8.660000e+02; 1.400000e+02; 1.425000e+03; 0.000000e+00; 0.000000e+00; 0.000000e+00; 4.000000e+02; 1.820000e+02; 8.200000e+02; 7.210000e+02; 1.735000e+03; 8.510000e+02; 7.400000e+02; 5.510000e+02; 1.551000e+03; 1.769000e+03; 1.159000e+03; 6.130000e+02; 2.072000e+03; 1.300000e+03; 1.605000e+03; 8.070000e+02; 1.017000e+03; 1.251000e+03; 8.180000e+02; 1.259000e+03; 2.596000e+03; 8.260000e+02; 1.137000e+03; 1.255000e+03; 1.123000e+03; 9.430000e+02; 1.359000e+03; 1.880000e+02; 1.282000e+03; 2.710000e+02; 2.300000e+03; 4.830000e+02; 2.540000e+03; 6.090000e+02; 1.038000e+03; 2.099000e+03; 1.776000e+03; 2.699000e+03; 2.493000e+03; 2.266000e+03; 2.640000e+02; 
1.972000e+03; 1.722000e+03; 9.370000e+02; 1.861000e+03; 1.052000e+03; 0.000000e+00; 0.000000e+00; 0.000000e+00; 3.040000e+02; 6.990000e+02; 5.380000e+02; 1.335000e+03; 4.540000e+02; 3.930000e+02; 1.730000e+02; 1.198000e+03; 1.370000e+03; 7.600000e+02; 2.160000e+02; 1.692000e+03; 9.190000e+02; 1.286000e+03; 4.350000e+02; 8.790000e+02; 8.610000e+02; 5.480000e+02; 9.130000e+02; 2.198000e+03; 4.830000e+02; 8.030000e+02; 1.181000e+03; 7.310000e+02; 6.270000e+02; 1.086000e+03; 2.920000e+02; 8.830000e+02; 2.790000e+02; 1.906000e+03; 1.780000e+02; 2.156000e+03; 4.900000e+02; 6.620000e+02; 1.699000e+03; 1.430000e+03; 2.300000e+03; 2.117000e+03; 1.888000e+03; 1.380000e+02; 
1.580000e+03; 1.338000e+03; 6.970000e+02; 1.473000e+03; 7.760000e+02; 4.000000e+02; 0.000000e+00; 0.000000e+00; 0.000000e+00; 8.840000e+02; 7.550000e+02; 1.612000e+03; 7.490000e+02; 6.900000e+02; 4.760000e+02; 1.501000e+03; 1.654000e+03; 1.049000e+03; 5.160000e+02; 1.995000e+03; 1.149000e+03; 1.580000e+03; 7.390000e+02; 1.079000e+03; 1.161000e+03; 8.150000e+02; 1.214000e+03; 2.485000e+03; 7.800000e+02; 1.100000e+03; 1.347000e+03; 9.850000e+02; 9.160000e+02; 1.361000e+03; 2.600000e+02; 1.171000e+03; 3.280000e+02; 2.202000e+03; 4.450000e+02; 2.385000e+03; 6.650000e+02; 9.660000e+02; 1.969000e+03; 1.729000e+03; 2.568000e+03; 2.333000e+03; 2.108000e+03; 1.770000e+02; 
1.878000e+03; 1.640000e+03; 9.510000e+02; 1.713000e+03; 1.049000e+03; 1.820000e+02; 3.040000e+02; 0.000000e+00; 0.000000e+00; 0.000000e+00; 1.770000e+02; 1.486000e+03; 7.570000e+02; 5.060000e+02; 6.090000e+02; 9.810000e+02; 1.474000e+03; 9.670000e+02; 6.810000e+02; 1.552000e+03; 1.317000e+03; 9.360000e+02; 5.940000e+02; 1.970000e+02; 9.280000e+02; 3.160000e+02; 7.230000e+02; 2.203000e+03; 5.000000e+02; 6.040000e+02; 4.820000e+02; 1.104000e+03; 4.550000e+02; 6.300000e+02; 6.410000e+02; 1.058000e+03; 5.620000e+02; 1.857000e+03; 5.280000e+02; 2.425000e+03; 2.200000e+02; 7.040000e+02; 1.845000e+03; 1.122000e+03; 2.405000e+03; 2.428000e+03; 2.204000e+03; 7.380000e+02; 
1.539000e+03; 1.226000e+03; 2.670000e+02; 1.761000e+03; 4.020000e+02; 8.200000e+02; 6.990000e+02; 8.840000e+02; 0.000000e+00; 0.000000e+00; 0.000000e+00; 1.362000e+03; 5.870000e+02; 3.350000e+02; 4.350000e+02; 9.300000e+02; 1.358000e+03; 8.190000e+02; 5.040000e+02; 1.496000e+03; 1.153000e+03; 9.270000e+02; 4.280000e+02; 3.410000e+02; 8.030000e+02; 1.800000e+02; 6.490000e+02; 2.119000e+03; 3.430000e+02; 5.210000e+02; 6.520000e+02; 9.390000e+02; 3.400000e+02; 6.490000e+02; 5.330000e+02; 9.180000e+02; 4.510000e+02; 1.783000e+03; 3.620000e+02; 2.290000e+03; 1.300000e+02; 5.680000e+02; 1.727000e+03; 1.105000e+03; 2.301000e+03; 2.285000e+03; 2.059000e+03; 5.950000e+02; 
1.457000e+03; 1.185000e+03; 2.270000e+02; 1.617000e+03; 3.610000e+02; 7.210000e+02; 5.380000e+02; 7.550000e+02; 1.770000e+02; 0.000000e+00; 0.000000e+00; 0.000000e+00; 8.910000e+02; 1.082000e+03; 1.199000e+03; 7.260000e+02; 9.600000e+01; 5.830000e+02; 1.125000e+03; 6.530000e+02; 5.630000e+02; 9.470000e+02; 9.860000e+02; 1.493000e+03; 5.600000e+02; 1.183000e+03; 8.130000e+02; 8.820000e+02; 1.033000e+03; 9.020000e+02; 1.763000e+03; 6.420000e+02; 1.032000e+03; 1.131000e+03; 1.604000e+03; 4.630000e+02; 1.556000e+03; 6.630000e+02; 1.298000e+03; 9.470000e+02; 1.461000e+03; 7.950000e+02; 3.710000e+02; 8.820000e+02; 9.670000e+02; 9.730000e+02; 7.680000e+02; 1.472000e+03; 
4.290000e+02; 4.400000e+02; 1.229000e+03; 3.700000e+02; 1.119000e+03; 1.735000e+03; 1.335000e+03; 1.612000e+03; 1.486000e+03; 1.362000e+03; 0.000000e+00; 0.000000e+00; 0.000000e+00; 2.520000e+02; 3.080000e+02; 8.030000e+02; 9.200000e+02; 3.090000e+02; 2.380000e+02; 1.252000e+03; 5.690000e+02; 9.400000e+02; 1.650000e+02; 8.630000e+02; 4.140000e+02; 4.540000e+02; 5.520000e+02; 1.745000e+03; 2.690000e+02; 4.820000e+02; 1.188000e+03; 3.550000e+02; 3.970000e+02; 8.330000e+02; 7.130000e+02; 4.320000e+02; 6.660000e+02; 1.453000e+03; 4.100000e+02; 1.758000e+03; 6.420000e+02; 2.620000e+02; 1.260000e+03; 1.051000e+03; 1.858000e+03; 1.737000e+03; 1.508000e+03; 5.920000e+02; 
1.129000e+03; 8.940000e+02; 5.870000e+02; 1.073000e+03; 5.780000e+02; 8.510000e+02; 4.540000e+02; 7.490000e+02; 7.570000e+02; 5.870000e+02; 8.910000e+02; 0.000000e+00; 0.000000e+00; 0.000000e+00; 2.220000e+02; 8.140000e+02; 1.094000e+03; 5.100000e+02; 2.350000e+02; 1.335000e+03; 8.200000e+02; 8.920000e+02; 1.000000e+02; 6.260000e+02; 5.410000e+02; 2.190000e+02; 5.240000e+02; 1.897000e+03; 9.000000e+01; 4.100000e+02; 9.520000e+02; 8.050000e+02; 2.380000e+02; 7.060000e+02; 5.700000e+02; 6.220000e+02; 5.030000e+02; 1.581000e+03; 2.570000e+02; 1.985000e+03; 3.960000e+02; 3.090000e+02; 1.453000e+03; 1.039000e+03; 2.043000e+03; 1.972000e+03; 1.744000e+03; 5.140000e+02; 
1.251000e+03; 9.920000e+02; 3.690000e+02; 1.304000e+03; 4.060000e+02; 7.400000e+02; 3.930000e+02; 6.900000e+02; 5.060000e+02; 3.350000e+02; 1.082000e+03; 2.520000e+02; 0.000000e+00; 0.000000e+00; 0.000000e+00; 1.025000e+03; 1.227000e+03; 6.170000e+02; 9.000000e+01; 1.525000e+03; 8.350000e+02; 1.114000e+03; 2.630000e+02; 7.700000e+02; 7.000000e+02; 4.000000e+02; 7.400000e+02; 2.049000e+03; 3.110000e+02; 6.300000e+02; 1.087000e+03; 6.300000e+02; 4.590000e+02; 9.240000e+02; 4.050000e+02; 7.390000e+02; 3.600000e+02; 1.749000e+03; 1.150000e+02; 2.055000e+03; 4.280000e+02; 4.920000e+02; 1.568000e+03; 1.256000e+03; 2.166000e+03; 2.026000e+03; 1.796000e+03; 3.030000e+02; 
1.421000e+03; 1.173000e+03; 5.540000e+02; 1.369000e+03; 6.180000e+02; 5.510000e+02; 1.730000e+02; 4.760000e+02; 6.090000e+02; 4.350000e+02; 1.199000e+03; 3.080000e+02; 2.220000e+02; 0.000000e+00; 0.000000e+00; 0.000000e+00; 6.630000e+02; 6.320000e+02; 9.990000e+02; 5.720000e+02; 9.720000e+02; 2.250000e+02; 7.630000e+02; 9.080000e+02; 4.510000e+02; 7.670000e+02; 2.930000e+02; 1.240000e+03; 7.260000e+02; 4.200000e+02; 1.111000e+03; 8.620000e+02; 6.170000e+02; 4.430000e+02; 1.374000e+03; 5.860000e+02; 1.299000e+03; 8.870000e+02; 1.070000e+03; 1.633000e+03; 1.057000e+03; 5.470000e+02; 9.990000e+02; 2.520000e+02; 1.483000e+03; 1.681000e+03; 1.489000e+03; 1.326000e+03; 
5.880000e+02; 3.340000e+02; 7.210000e+02; 1.092000e+03; 5.810000e+02; 1.551000e+03; 1.198000e+03; 1.501000e+03; 9.810000e+02; 9.300000e+02; 7.260000e+02; 8.030000e+02; 8.140000e+02; 1.025000e+03; 0.000000e+00; 0.000000e+00; 0.000000e+00; 6.100000e+02; 1.156000e+03; 5.570000e+02; 6.420000e+02; 8.790000e+02; 1.000000e+03; 1.467000e+03; 5.580000e+02; 1.178000e+03; 7.800000e+02; 8.310000e+02; 1.038000e+03; 8.790000e+02; 1.726000e+03; 7.000000e+02; 1.023000e+03; 1.082000e+03; 1.631000e+03; 4.880000e+02; 1.579000e+03; 5.860000e+02; 1.320000e+03; 9.820000e+02; 1.463000e+03; 7.960000e+02; 3.710000e+02; 8.020000e+02; 9.400000e+02; 1.021000e+03; 8.260000e+02; 1.508000e+03; 
3.340000e+02; 3.580000e+02; 1.212000e+03; 4.530000e+02; 1.095000e+03; 1.769000e+03; 1.370000e+03; 1.654000e+03; 1.474000e+03; 1.358000e+03; 9.600000e+01; 9.200000e+02; 1.094000e+03; 1.227000e+03; 6.630000e+02; 0.000000e+00; 0.000000e+00; 0.000000e+00; 5.460000e+02; 9.830000e+02; 3.970000e+02; 8.210000e+02; 4.110000e+02; 1.023000e+03; 1.800000e+02; 6.510000e+02; 4.780000e+02; 1.438000e+03; 4.760000e+02; 4.850000e+02; 1.333000e+03; 2.350000e+02; 5.250000e+02; 8.270000e+02; 1.022000e+03; 1.230000e+02; 9.730000e+02; 1.155000e+03; 7.150000e+02; 1.475000e+03; 9.020000e+02; 2.730000e+02; 9.530000e+02; 8.820000e+02; 1.550000e+03; 1.467000e+03; 1.240000e+03; 8.980000e+02; 
8.370000e+02; 6.260000e+02; 7.390000e+02; 7.980000e+02; 6.700000e+02; 1.159000e+03; 7.600000e+02; 1.049000e+03; 9.670000e+02; 8.190000e+02; 5.830000e+02; 3.090000e+02; 5.100000e+02; 6.170000e+02; 6.320000e+02; 6.100000e+02; 0.000000e+00; 0.000000e+00; 0.000000e+00; 1.479000e+03; 7.450000e+02; 1.105000e+03; 2.400000e+02; 8.310000e+02; 6.450000e+02; 4.420000e+02; 7.230000e+02; 1.983000e+03; 3.160000e+02; 6.230000e+02; 1.152000e+03; 5.430000e+02; 4.700000e+02; 9.390000e+02; 4.820000e+02; 6.690000e+02; 4.430000e+02; 1.690000e+03; 2.050000e+02; 1.969000e+03; 5.100000e+02; 4.550000e+02; 1.492000e+03; 1.238000e+03; 2.091000e+03; 1.938000e+03; 1.709000e+03; 3.540000e+02; 
1.364000e+03; 1.124000e+03; 5.960000e+02; 1.283000e+03; 6.410000e+02; 6.130000e+02; 2.160000e+02; 5.160000e+02; 6.810000e+02; 5.040000e+02; 1.125000e+03; 2.380000e+02; 2.350000e+02; 9.000000e+01; 9.990000e+02; 1.156000e+03; 5.460000e+02; 0.000000e+00; 0.000000e+00; 0.000000e+00; 1.163000e+03; 6.760000e+02; 1.264000e+03; 1.473000e+03; 8.390000e+02; 1.326000e+03; 8.470000e+02; 8.010000e+02; 1.254000e+03; 9.760000e+02; 1.643000e+03; 1.157000e+03; 1.169000e+03; 9.830000e+02; 1.905000e+03; 8.780000e+02; 1.836000e+03; 3.460000e+02; 1.590000e+03; 1.286000e+03; 1.621000e+03; 1.034000e+03; 6.890000e+02; 5.030000e+02; 9.950000e+02; 1.376000e+03; 1.239000e+03; 1.828000e+03; 
2.290000e+02; 3.580000e+02; 1.291000e+03; 9.730000e+02; 1.152000e+03; 2.072000e+03; 1.692000e+03; 1.995000e+03; 1.552000e+03; 1.496000e+03; 6.530000e+02; 1.252000e+03; 1.335000e+03; 1.525000e+03; 5.720000e+02; 5.570000e+02; 9.830000e+02; 1.479000e+03; 0.000000e+00; 0.000000e+00; 0.000000e+00; 1.183000e+03; 7.250000e+02; 1.399000e+03; 5.490000e+02; 1.004000e+03; 8.690000e+02; 1.427000e+03; 8.180000e+02; 8.820000e+02; 1.716000e+03; 2.140000e+02; 9.020000e+02; 1.222000e+03; 1.210000e+03; 3.900000e+02; 1.184000e+03; 1.225000e+03; 9.490000e+02; 1.239000e+03; 1.210000e+03; 6.600000e+02; 8.630000e+02; 1.207000e+03; 1.446000e+03; 1.197000e+03; 9.690000e+02; 1.042000e+03; 
9.610000e+02; 8.470000e+02; 1.114000e+03; 5.650000e+02; 1.060000e+03; 1.300000e+03; 9.190000e+02; 1.149000e+03; 1.317000e+03; 1.153000e+03; 5.630000e+02; 5.690000e+02; 8.200000e+02; 8.350000e+02; 9.720000e+02; 6.420000e+02; 3.970000e+02; 7.450000e+02; 1.163000e+03; 0.000000e+00; 0.000000e+00; 0.000000e+00; 8.650000e+02; 8.210000e+02; 6.440000e+02; 7.900000e+02; 3.880000e+02; 1.374000e+03; 8.030000e+02; 4.840000e+02; 9.680000e+02; 1.056000e+03; 6.550000e+02; 3.180000e+02; 1.420000e+03; 7.940000e+02; 1.341000e+03; 1.017000e+03; 1.137000e+03; 1.836000e+03; 1.056000e+03; 6.790000e+02; 1.200000e+03; 1.890000e+02; 1.645000e+03; 1.891000e+03; 1.704000e+03; 1.403000e+03; 
7.540000e+02; 5.330000e+02; 7.010000e+02; 1.315000e+03; 5.670000e+02; 1.605000e+03; 1.286000e+03; 1.580000e+03; 9.360000e+02; 9.270000e+02; 9.470000e+02; 9.400000e+02; 8.920000e+02; 1.114000e+03; 2.250000e+02; 8.790000e+02; 8.210000e+02; 1.105000e+03; 6.760000e+02; 1.183000e+03; 0.000000e+00; 0.000000e+00; 0.000000e+00; 6.990000e+02; 4.530000e+02; 2.900000e+02; 4.830000e+02; 1.809000e+03; 1.070000e+02; 3.840000e+02; 1.024000e+03; 5.110000e+02; 2.510000e+02; 7.120000e+02; 6.460000e+02; 5.250000e+02; 5.850000e+02; 1.499000e+03; 3.300000e+02; 1.885000e+03; 4.950000e+02; 2.310000e+02; 1.356000e+03; 9.990000e+02; 1.949000e+03; 1.872000e+03; 1.644000e+03; 5.670000e+02; 
1.169000e+03; 9.150000e+02; 4.260000e+02; 1.204000e+03; 4.430000e+02; 8.070000e+02; 4.350000e+02; 7.390000e+02; 5.940000e+02; 4.280000e+02; 9.860000e+02; 1.650000e+02; 1.000000e+02; 2.630000e+02; 7.630000e+02; 1.000000e+03; 4.110000e+02; 2.400000e+02; 1.264000e+03; 7.250000e+02; 8.650000e+02; 0.000000e+00; 0.000000e+00; 0.000000e+00; 9.500000e+02; 4.100000e+02; 6.900000e+02; 2.147000e+03; 5.940000e+02; 5.900000e+02; 3.260000e+02; 1.191000e+03; 4.990000e+02; 5.040000e+02; 8.380000e+02; 1.098000e+03; 7.580000e+02; 1.794000e+03; 7.030000e+02; 2.439000e+03; 4.140000e+02; 7.510000e+02; 1.837000e+03; 1.011000e+03; 2.374000e+03; 2.455000e+03; 2.237000e+03; 9.280000e+02; 
1.488000e+03; 1.219000e+03; 2.850000e+02; 1.796000e+03; 3.740000e+02; 1.017000e+03; 8.790000e+02; 1.079000e+03; 1.970000e+02; 3.410000e+02; 1.493000e+03; 8.630000e+02; 6.260000e+02; 7.700000e+02; 9.080000e+02; 1.467000e+03; 1.023000e+03; 8.310000e+02; 1.473000e+03; 1.399000e+03; 8.210000e+02; 6.990000e+02; 0.000000e+00; 0.000000e+00; 0.000000e+00; 6.240000e+02; 3.250000e+02; 1.356000e+03; 4.800000e+02; 3.690000e+02; 1.241000e+03; 4.130000e+02; 4.730000e+02; 6.800000e+02; 1.097000e+03; 1.660000e+02; 1.038000e+03; 1.049000e+03; 7.810000e+02; 1.497000e+03; 9.050000e+02; 2.380000e+02; 9.250000e+02; 7.020000e+02; 1.506000e+03; 1.506000e+03; 1.287000e+03; 9.980000e+02; 
7.200000e+02; 4.810000e+02; 6.760000e+02; 8.460000e+02; 5.790000e+02; 1.251000e+03; 8.610000e+02; 1.161000e+03; 9.280000e+02; 8.030000e+02; 5.600000e+02; 4.140000e+02; 5.410000e+02; 7.000000e+02; 4.510000e+02; 5.580000e+02; 1.800000e+02; 6.450000e+02; 8.390000e+02; 5.490000e+02; 6.440000e+02; 4.530000e+02; 9.500000e+02; 0.000000e+00; 0.000000e+00; 0.000000e+00; 4.790000e+02; 1.941000e+03; 1.880000e+02; 3.500000e+02; 7.360000e+02; 7.920000e+02; 1.610000e+02; 5.470000e+02; 6.320000e+02; 7.450000e+02; 5.520000e+02; 1.607000e+03; 3.750000e+02; 2.115000e+03; 2.960000e+02; 3.920000e+02; 1.547000e+03; 9.590000e+02; 2.121000e+03; 2.114000e+03; 1.890000e+03; 6.410000e+02; 
1.280000e+03; 1.009000e+03; 1.550000e+02; 1.447000e+03; 2.350000e+02; 8.180000e+02; 5.480000e+02; 8.150000e+02; 3.160000e+02; 1.800000e+02; 1.183000e+03; 4.540000e+02; 2.190000e+02; 4.000000e+02; 7.670000e+02; 1.178000e+03; 6.510000e+02; 4.420000e+02; 1.326000e+03; 1.004000e+03; 7.900000e+02; 2.900000e+02; 4.100000e+02; 6.240000e+02; 0.000000e+00; 0.000000e+00; 0.000000e+00; 1.480000e+03; 4.350000e+02; 1.290000e+02; 9.490000e+02; 7.080000e+02; 3.250000e+02; 3.550000e+02; 1.081000e+03; 4.920000e+02; 1.007000e+03; 1.137000e+03; 7.790000e+02; 1.759000e+03; 7.740000e+02; 2.910000e+02; 1.148000e+03; 5.160000e+02; 1.688000e+03; 1.785000e+03; 1.573000e+03; 1.038000e+03; 
8.160000e+02; 5.430000e+02; 4.560000e+02; 1.143000e+03; 3.250000e+02; 1.259000e+03; 9.130000e+02; 1.214000e+03; 7.230000e+02; 6.490000e+02; 8.130000e+02; 5.520000e+02; 5.240000e+02; 7.400000e+02; 2.930000e+02; 7.800000e+02; 4.780000e+02; 7.230000e+02; 8.470000e+02; 8.690000e+02; 3.880000e+02; 4.830000e+02; 6.900000e+02; 3.250000e+02; 4.790000e+02; 0.000000e+00; 0.000000e+00; 0.000000e+00; 1.829000e+03; 1.603000e+03; 2.339000e+03; 1.524000e+03; 1.780000e+03; 1.673000e+03; 2.421000e+03; 1.315000e+03; 2.394000e+03; 3.570000e+02; 2.136000e+03; 8.250000e+02; 2.237000e+03; 1.589000e+03; 5.790000e+02; 1.204000e+03; 3.470000e+02; 9.590000e+02; 9.400000e+02; 2.336000e+03; 
6.640000e+02; 9.370000e+02; 1.936000e+03; 9.590000e+02; 1.802000e+03; 2.596000e+03; 2.198000e+03; 2.485000e+03; 2.203000e+03; 2.119000e+03; 8.820000e+02; 1.745000e+03; 1.897000e+03; 2.049000e+03; 1.240000e+03; 8.310000e+02; 1.438000e+03; 1.983000e+03; 8.010000e+02; 1.427000e+03; 1.374000e+03; 1.809000e+03; 2.147000e+03; 1.356000e+03; 1.941000e+03; 1.480000e+03; 0.000000e+00; 0.000000e+00; 0.000000e+00; 3.200000e+02; 9.190000e+02; 6.050000e+02; 1.540000e+02; 6.230000e+02; 6.520000e+02; 5.800000e+02; 5.820000e+02; 1.508000e+03; 3.440000e+02; 1.950000e+03; 4.290000e+02; 2.420000e+02; 1.402000e+03; 9.490000e+02; 1.986000e+03; 1.943000e+03; 1.717000e+03; 6.030000e+02; 
1.178000e+03; 9.150000e+02; 3.190000e+02; 1.275000e+03; 3.310000e+02; 8.260000e+02; 4.830000e+02; 7.800000e+02; 5.000000e+02; 3.430000e+02; 1.033000e+03; 2.690000e+02; 9.000000e+01; 3.110000e+02; 7.260000e+02; 1.038000e+03; 4.760000e+02; 3.160000e+02; 1.254000e+03; 8.180000e+02; 8.030000e+02; 1.070000e+02; 5.940000e+02; 4.800000e+02; 1.880000e+02; 4.350000e+02; 1.829000e+03; 0.000000e+00; 0.000000e+00; 0.000000e+00; 8.720000e+02; 6.990000e+02; 1.970000e+02; 3.580000e+02; 9.570000e+02; 5.290000e+02; 8.810000e+02; 1.263000e+03; 6.600000e+02; 1.849000e+03; 6.450000e+02; 2.400000e+02; 1.250000e+03; 6.310000e+02; 1.802000e+03; 1.867000e+03; 1.650000e+03; 9.230000e+02; 
9.390000e+02; 6.670000e+02; 3.370000e+02; 1.213000e+03; 2.170000e+02; 1.137000e+03; 8.030000e+02; 1.100000e+03; 6.040000e+02; 5.210000e+02; 9.020000e+02; 4.820000e+02; 4.100000e+02; 6.300000e+02; 4.200000e+02; 8.790000e+02; 4.850000e+02; 6.230000e+02; 9.760000e+02; 8.820000e+02; 4.840000e+02; 3.840000e+02; 5.900000e+02; 3.690000e+02; 3.500000e+02; 1.290000e+02; 1.603000e+03; 3.200000e+02; 0.000000e+00; 0.000000e+00; 0.000000e+00; 1.511000e+03; 8.150000e+02; 6.690000e+02; 1.092000e+03; 1.397000e+03; 1.019000e+03; 1.982000e+03; 1.010000e+03; 2.708000e+03; 6.950000e+02; 1.061000e+03; 2.089000e+03; 1.148000e+03; 2.594000e+03; 2.734000e+03; 2.520000e+03; 1.212000e+03; 
1.698000e+03; 1.441000e+03; 6.040000e+02; 2.085000e+03; 6.650000e+02; 1.255000e+03; 1.181000e+03; 1.347000e+03; 4.820000e+02; 6.520000e+02; 1.763000e+03; 1.188000e+03; 9.520000e+02; 1.087000e+03; 1.111000e+03; 1.726000e+03; 1.333000e+03; 1.152000e+03; 1.643000e+03; 1.716000e+03; 9.680000e+02; 1.024000e+03; 3.260000e+02; 1.241000e+03; 7.360000e+02; 9.490000e+02; 2.339000e+03; 9.190000e+02; 8.720000e+02; 0.000000e+00; 0.000000e+00; 0.000000e+00; 6.970000e+02; 1.051000e+03; 1.018000e+03; 2.900000e+02; 9.850000e+02; 1.280000e+03; 7.430000e+02; 1.427000e+03; 9.960000e+02; 4.660000e+02; 9.870000e+02; 1.110000e+03; 1.584000e+03; 1.395000e+03; 1.166000e+03; 8.610000e+02; 
9.830000e+02; 8.120000e+02; 9.070000e+02; 7.420000e+02; 8.620000e+02; 1.123000e+03; 7.310000e+02; 9.850000e+02; 1.104000e+03; 9.390000e+02; 6.420000e+02; 3.550000e+02; 8.050000e+02; 6.300000e+02; 8.620000e+02; 7.000000e+02; 2.350000e+02; 5.430000e+02; 1.157000e+03; 2.140000e+02; 1.056000e+03; 5.110000e+02; 1.191000e+03; 4.130000e+02; 7.920000e+02; 7.080000e+02; 1.524000e+03; 6.050000e+02; 6.990000e+02; 1.511000e+03; 0.000000e+00; 0.000000e+00; 0.000000e+00; 4.690000e+02; 7.610000e+02; 6.070000e+02; 6.850000e+02; 1.446000e+03; 4.720000e+02; 1.969000e+03; 4.570000e+02; 2.540000e+02; 1.393000e+03; 8.230000e+02; 1.963000e+03; 1.975000e+03; 1.752000e+03; 7.390000e+02; 
1.119000e+03; 8.480000e+02; 2.140000e+02; 1.309000e+03; 1.820000e+02; 9.430000e+02; 6.270000e+02; 9.160000e+02; 4.550000e+02; 3.400000e+02; 1.032000e+03; 3.970000e+02; 2.380000e+02; 4.590000e+02; 6.170000e+02; 1.023000e+03; 5.250000e+02; 4.700000e+02; 1.169000e+03; 9.020000e+02; 6.550000e+02; 2.510000e+02; 4.990000e+02; 4.730000e+02; 1.610000e+02; 3.250000e+02; 1.780000e+03; 1.540000e+02; 1.970000e+02; 8.150000e+02; 6.970000e+02; 0.000000e+00; 0.000000e+00; 0.000000e+00; 1.171000e+03; 8.470000e+02; 1.089000e+03; 1.316000e+03; 9.190000e+02; 2.063000e+03; 7.760000e+02; 5.980000e+02; 1.434000e+03; 5.070000e+02; 1.926000e+03; 2.101000e+03; 1.898000e+03; 1.187000e+03; 
1.029000e+03; 7.760000e+02; 4.240000e+02; 1.479000e+03; 3.120000e+02; 1.359000e+03; 1.086000e+03; 1.361000e+03; 6.300000e+02; 6.490000e+02; 1.131000e+03; 8.330000e+02; 7.060000e+02; 9.240000e+02; 4.430000e+02; 1.082000e+03; 8.270000e+02; 9.390000e+02; 9.830000e+02; 1.222000e+03; 3.180000e+02; 7.120000e+02; 5.040000e+02; 6.800000e+02; 5.470000e+02; 3.550000e+02; 1.673000e+03; 6.230000e+02; 3.580000e+02; 6.690000e+02; 1.051000e+03; 4.690000e+02; 0.000000e+00; 0.000000e+00; 0.000000e+00; 1.144000e+03; 8.300000e+01; 2.145000e+03; 3.170000e+02; 2.445000e+03; 4.260000e+02; 8.750000e+02; 1.972000e+03; 1.584000e+03; 2.571000e+03; 2.408000e+03; 2.179000e+03; 1.940000e+02; 
1.815000e+03; 1.560000e+03; 7.480000e+02; 1.760000e+03; 8.640000e+02; 1.880000e+02; 2.920000e+02; 2.600000e+02; 6.410000e+02; 5.330000e+02; 1.604000e+03; 7.130000e+02; 5.700000e+02; 4.050000e+02; 1.374000e+03; 1.631000e+03; 1.022000e+03; 4.820000e+02; 1.905000e+03; 1.210000e+03; 1.420000e+03; 6.460000e+02; 8.380000e+02; 1.097000e+03; 6.320000e+02; 1.081000e+03; 2.421000e+03; 6.520000e+02; 9.570000e+02; 1.092000e+03; 1.018000e+03; 7.610000e+02; 1.171000e+03; 0.000000e+00; 0.000000e+00; 0.000000e+00; 1.094000e+03; 1.036000e+03; 8.360000e+02; 1.371000e+03; 1.008000e+03; 3.540000e+02; 8.330000e+02; 8.280000e+02; 1.429000e+03; 1.369000e+03; 1.146000e+03; 1.021000e+03; 
7.210000e+02; 5.260000e+02; 8.170000e+02; 7.030000e+02; 7.320000e+02; 1.282000e+03; 8.830000e+02; 1.171000e+03; 1.058000e+03; 9.180000e+02; 4.630000e+02; 4.320000e+02; 6.220000e+02; 7.390000e+02; 5.860000e+02; 4.880000e+02; 1.230000e+02; 6.690000e+02; 8.780000e+02; 3.900000e+02; 7.940000e+02; 5.250000e+02; 1.098000e+03; 1.660000e+02; 7.450000e+02; 4.920000e+02; 1.315000e+03; 5.800000e+02; 5.290000e+02; 1.397000e+03; 2.900000e+02; 6.070000e+02; 8.470000e+02; 1.144000e+03; 0.000000e+00; 0.000000e+00; 0.000000e+00; 2.083000e+03; 2.590000e+02; 2.412000e+03; 3.450000e+02; 8.110000e+02; 1.925000e+03; 1.507000e+03; 2.523000e+03; 2.380000e+03; 2.151000e+03; 2.200000e+02; 
1.753000e+03; 1.494000e+03; 6.660000e+02; 1.727000e+03; 7.830000e+02; 2.710000e+02; 2.790000e+02; 3.280000e+02; 5.620000e+02; 4.510000e+02; 1.556000e+03; 6.660000e+02; 5.030000e+02; 3.600000e+02; 1.299000e+03; 1.579000e+03; 9.730000e+02; 4.430000e+02; 1.836000e+03; 1.184000e+03; 1.341000e+03; 5.850000e+02; 7.580000e+02; 1.038000e+03; 5.520000e+02; 1.007000e+03; 2.394000e+03; 5.820000e+02; 8.810000e+02; 1.019000e+03; 9.850000e+02; 6.850000e+02; 1.089000e+03; 8.300000e+01; 1.094000e+03; 0.000000e+00; 0.000000e+00; 0.000000e+00; 1.828000e+03; 1.005000e+03; 1.903000e+03; 1.272000e+03; 5.040000e+02; 8.490000e+02; 6.530000e+02; 1.114000e+03; 1.019000e+03; 2.044000e+03; 
3.300000e+02; 5.980000e+02; 1.592000e+03; 8.720000e+02; 1.456000e+03; 2.300000e+03; 1.906000e+03; 2.202000e+03; 1.857000e+03; 1.783000e+03; 6.630000e+02; 1.453000e+03; 1.581000e+03; 1.749000e+03; 8.870000e+02; 5.860000e+02; 1.155000e+03; 1.690000e+03; 3.460000e+02; 1.225000e+03; 1.017000e+03; 1.499000e+03; 1.794000e+03; 1.049000e+03; 1.607000e+03; 1.137000e+03; 3.570000e+02; 1.508000e+03; 1.263000e+03; 1.982000e+03; 1.280000e+03; 1.446000e+03; 1.316000e+03; 2.145000e+03; 1.036000e+03; 2.083000e+03; 0.000000e+00; 0.000000e+00; 0.000000e+00; 2.165000e+03; 3.300000e+02; 5.590000e+02; 1.668000e+03; 1.291000e+03; 2.264000e+03; 2.138000e+03; 1.908000e+03; 2.680000e+02; 
1.499000e+03; 1.244000e+03; 5.210000e+02; 1.479000e+03; 6.080000e+02; 4.830000e+02; 1.780000e+02; 4.450000e+02; 5.280000e+02; 3.620000e+02; 1.298000e+03; 4.100000e+02; 2.570000e+02; 1.150000e+02; 1.070000e+03; 1.320000e+03; 7.150000e+02; 2.050000e+02; 1.590000e+03; 9.490000e+02; 1.137000e+03; 3.300000e+02; 7.030000e+02; 7.810000e+02; 3.750000e+02; 7.790000e+02; 2.136000e+03; 3.440000e+02; 6.600000e+02; 1.010000e+03; 7.430000e+02; 4.720000e+02; 9.190000e+02; 3.170000e+02; 8.360000e+02; 2.590000e+02; 1.828000e+03; 0.000000e+00; 0.000000e+00; 0.000000e+00; 2.377000e+03; 1.723000e+03; 6.360000e+02; 1.720000e+03; 5.340000e+02; 1.450000e+02; 2.900000e+02; 2.281000e+03; 
1.107000e+03; 1.304000e+03; 2.172000e+03; 6.860000e+02; 2.066000e+03; 2.540000e+03; 2.156000e+03; 2.385000e+03; 2.425000e+03; 2.290000e+03; 9.470000e+02; 1.758000e+03; 1.985000e+03; 2.055000e+03; 1.633000e+03; 9.820000e+02; 1.475000e+03; 1.969000e+03; 1.286000e+03; 1.239000e+03; 1.836000e+03; 1.885000e+03; 2.439000e+03; 1.497000e+03; 2.115000e+03; 1.759000e+03; 8.250000e+02; 1.950000e+03; 1.849000e+03; 2.708000e+03; 1.427000e+03; 1.969000e+03; 2.063000e+03; 2.445000e+03; 1.371000e+03; 2.412000e+03; 1.005000e+03; 2.165000e+03; 0.000000e+00; 0.000000e+00; 0.000000e+00; 6.670000e+02; 1.829000e+03; 1.235000e+03; 2.410000e+03; 2.367000e+03; 2.139000e+03; 5.190000e+02; 
1.576000e+03; 1.306000e+03; 3.560000e+02; 1.698000e+03; 4.910000e+02; 6.090000e+02; 4.900000e+02; 6.650000e+02; 2.200000e+02; 1.300000e+02; 1.461000e+03; 6.420000e+02; 3.960000e+02; 4.280000e+02; 1.057000e+03; 1.463000e+03; 9.020000e+02; 5.100000e+02; 1.621000e+03; 1.210000e+03; 1.056000e+03; 4.950000e+02; 4.140000e+02; 9.050000e+02; 2.960000e+02; 7.740000e+02; 2.237000e+03; 4.290000e+02; 6.450000e+02; 6.950000e+02; 9.960000e+02; 4.570000e+02; 7.760000e+02; 4.260000e+02; 1.008000e+03; 3.450000e+02; 1.903000e+03; 3.300000e+02; 2.377000e+03; 0.000000e+00; 0.000000e+00; 0.000000e+00; 1.162000e+03; 7.920000e+02; 1.744000e+03; 1.724000e+03; 1.500000e+03; 7.960000e+02; 
9.420000e+02; 6.850000e+02; 4.670000e+02; 1.057000e+03; 4.000000e+02; 1.038000e+03; 6.620000e+02; 9.660000e+02; 7.040000e+02; 5.680000e+02; 7.950000e+02; 2.620000e+02; 3.090000e+02; 4.920000e+02; 5.470000e+02; 7.960000e+02; 2.730000e+02; 4.550000e+02; 1.034000e+03; 6.600000e+02; 6.790000e+02; 2.310000e+02; 7.510000e+02; 2.380000e+02; 3.920000e+02; 2.910000e+02; 1.589000e+03; 2.420000e+02; 2.400000e+02; 1.061000e+03; 4.660000e+02; 2.540000e+02; 5.980000e+02; 8.750000e+02; 3.540000e+02; 8.110000e+02; 1.272000e+03; 5.590000e+02; 1.723000e+03; 6.670000e+02; 0.000000e+00; 0.000000e+00; 0.000000e+00; 1.087000e+03; 6.000000e+02; 7.010000e+02; 5.500000e+02; 1.835000e+03; 
4.840000e+02; 6.680000e+02; 1.583000e+03; 3.870000e+02; 1.466000e+03; 2.099000e+03; 1.699000e+03; 1.969000e+03; 1.845000e+03; 1.727000e+03; 3.710000e+02; 1.260000e+03; 1.453000e+03; 1.568000e+03; 9.990000e+02; 3.710000e+02; 9.530000e+02; 1.492000e+03; 6.890000e+02; 8.630000e+02; 1.200000e+03; 1.356000e+03; 1.837000e+03; 9.250000e+02; 1.547000e+03; 1.148000e+03; 5.790000e+02; 1.402000e+03; 1.250000e+03; 2.089000e+03; 9.870000e+02; 1.393000e+03; 1.434000e+03; 1.972000e+03; 8.330000e+02; 1.925000e+03; 5.040000e+02; 1.668000e+03; 6.360000e+02; 1.829000e+03; 1.162000e+03; 0.000000e+00; 0.000000e+00; 0.000000e+00; 1.490000e+03; 1.787000e+03; 1.614000e+03; 1.553000e+03; 
6.170000e+02; 4.440000e+02; 8.820000e+02; 1.252000e+03; 7.440000e+02; 1.776000e+03; 1.430000e+03; 1.729000e+03; 1.122000e+03; 1.105000e+03; 8.820000e+02; 1.051000e+03; 1.039000e+03; 1.256000e+03; 2.520000e+02; 8.020000e+02; 8.820000e+02; 1.238000e+03; 5.030000e+02; 1.207000e+03; 1.890000e+02; 9.990000e+02; 1.011000e+03; 7.020000e+02; 9.590000e+02; 5.160000e+02; 1.204000e+03; 9.490000e+02; 6.310000e+02; 1.148000e+03; 1.110000e+03; 8.230000e+02; 5.070000e+02; 1.584000e+03; 8.280000e+02; 1.507000e+03; 8.490000e+02; 1.291000e+03; 1.720000e+03; 1.235000e+03; 7.920000e+02; 1.087000e+03; 0.000000e+00; 0.000000e+00; 0.000000e+00; 6.780000e+02; 7.270000e+02; 2.435000e+03; 
8.960000e+02; 1.157000e+03; 2.139000e+03; 9.040000e+02; 2.013000e+03; 2.699000e+03; 2.300000e+03; 2.568000e+03; 2.405000e+03; 2.301000e+03; 9.670000e+02; 1.858000e+03; 2.043000e+03; 2.166000e+03; 1.483000e+03; 9.400000e+02; 1.550000e+03; 2.091000e+03; 9.950000e+02; 1.446000e+03; 1.645000e+03; 1.949000e+03; 2.374000e+03; 1.506000e+03; 2.121000e+03; 1.688000e+03; 3.470000e+02; 1.986000e+03; 1.802000e+03; 2.594000e+03; 1.584000e+03; 1.963000e+03; 1.926000e+03; 2.571000e+03; 1.429000e+03; 2.523000e+03; 6.530000e+02; 2.264000e+03; 5.340000e+02; 2.410000e+03; 1.744000e+03; 6.000000e+02; 1.490000e+03; 0.000000e+00; 0.000000e+00; 0.000000e+00; 2.290000e+02; 2.238000e+03; 
1.184000e+03; 1.359000e+03; 2.182000e+03; 6.680000e+02; 2.082000e+03; 2.493000e+03; 2.117000e+03; 2.333000e+03; 2.428000e+03; 2.285000e+03; 9.730000e+02; 1.737000e+03; 1.972000e+03; 2.026000e+03; 1.681000e+03; 1.021000e+03; 1.467000e+03; 1.938000e+03; 1.376000e+03; 1.197000e+03; 1.891000e+03; 1.872000e+03; 2.455000e+03; 1.506000e+03; 2.114000e+03; 1.785000e+03; 9.590000e+02; 1.943000e+03; 1.867000e+03; 2.734000e+03; 1.395000e+03; 1.975000e+03; 2.101000e+03; 2.408000e+03; 1.369000e+03; 2.380000e+03; 1.114000e+03; 2.138000e+03; 1.450000e+02; 2.367000e+03; 1.724000e+03; 7.010000e+02; 1.787000e+03; 6.780000e+02; 0.000000e+00; 0.000000e+00; 0.000000e+00; 2.010000e+03; 
1.030000e+03; 1.176000e+03; 1.961000e+03; 4.430000e+02; 1.865000e+03; 2.266000e+03; 1.888000e+03; 2.108000e+03; 2.204000e+03; 2.059000e+03; 7.680000e+02; 1.508000e+03; 1.744000e+03; 1.796000e+03; 1.489000e+03; 8.260000e+02; 1.240000e+03; 1.709000e+03; 1.239000e+03; 9.690000e+02; 1.704000e+03; 1.644000e+03; 2.237000e+03; 1.287000e+03; 1.890000e+03; 1.573000e+03; 9.400000e+02; 1.717000e+03; 1.650000e+03; 2.520000e+03; 1.166000e+03; 1.752000e+03; 1.898000e+03; 2.179000e+03; 1.146000e+03; 2.151000e+03; 1.019000e+03; 1.908000e+03; 2.900000e+02; 2.139000e+03; 1.500000e+03; 5.500000e+02; 1.614000e+03; 7.270000e+02; 2.290000e+02; 0.000000e+00; 0.000000e+00; 0.000000e+00; 
1.718000e+03; 1.475000e+03; 7.810000e+02; 1.600000e+03; 8.750000e+02; 2.640000e+02; 1.380000e+02; 1.770000e+02; 7.380000e+02; 5.950000e+02; 1.472000e+03; 5.920000e+02; 5.140000e+02; 3.030000e+02; 1.326000e+03; 1.508000e+03; 8.980000e+02; 3.540000e+02; 1.828000e+03; 1.042000e+03; 1.403000e+03; 5.670000e+02; 9.280000e+02; 9.980000e+02; 6.410000e+02; 1.038000e+03; 2.336000e+03; 6.030000e+02; 9.230000e+02; 1.212000e+03; 8.610000e+02; 7.390000e+02; 1.187000e+03; 1.940000e+02; 1.021000e+03; 2.200000e+02; 2.044000e+03; 2.680000e+02; 2.281000e+03; 5.190000e+02; 7.960000e+02; 1.835000e+03; 1.553000e+03; 2.435000e+03; 2.238000e+03; 2.010000e+03; 0.000000e+00; 0.000000e+00; 
Recursion step 1:
Costs:
0.000000e+00; 1.272000e+03; 1.138000e+03; 1.972000e+03; 1.878000e+03; 1.457000e+03; 1.251000e+03; 1.421000e+03; 8.370000e+02; 1.364000e+03; 9.610000e+02; 1.488000e+03; 1.280000e+03; 9.370000e+02; 1.178000e+03; 1.698000e+03; 1.119000e+03; 1.815000e+03; 1.753000e+03; 1.499000e+03; 1.576000e+03; 6.680000e+02; 1.359000e+03; 1.718000e+03; 
1.272000e+03; 0.000000e+00; 1.519000e+03; 1.861000e+03; 1.761000e+03; 1.617000e+03; 1.304000e+03; 1.369000e+03; 1.212000e+03; 1.291000e+03; 1.315000e+03; 1.796000e+03; 1.447000e+03; 1.936000e+03; 1.275000e+03; 2.085000e+03; 1.479000e+03; 1.760000e+03; 1.727000e+03; 2.172000e+03; 1.698000e+03; 1.583000e+03; 2.182000e+03; 1.961000e+03; 
1.138000e+03; 1.519000e+03; 0.000000e+00; 1.052000e+03; 1.049000e+03; 1.735000e+03; 8.510000e+02; 1.551000e+03; 1.769000e+03; 2.072000e+03; 1.605000e+03; 1.017000e+03; 1.251000e+03; 2.596000e+03; 1.137000e+03; 1.255000e+03; 1.359000e+03; 1.282000e+03; 2.300000e+03; 2.540000e+03; 1.038000e+03; 2.099000e+03; 2.699000e+03; 2.266000e+03; 
1.972000e+03; 1.861000e+03; 1.052000e+03; 0.000000e+00; 8.840000e+02; 1.612000e+03; 7.490000e+02; 1.501000e+03; 1.654000e+03; 1.995000e+03; 1.580000e+03; 1.079000e+03; 1.161000e+03; 2.485000e+03; 1.100000e+03; 1.347000e+03; 1.361000e+03; 1.171000e+03; 2.202000e+03; 2.385000e+03; 9.660000e+02; 1.969000e+03; 2.568000e+03; 2.108000e+03; 
1.878000e+03; 1.761000e+03; 1.049000e+03; 8.840000e+02; 0.000000e+00; 1.486000e+03; 7.570000e+02; 9.810000e+02; 1.474000e+03; 1.552000e+03; 1.317000e+03; 5.940000e+02; 9.280000e+02; 2.203000e+03; 6.040000e+02; 1.104000e+03; 6.490000e+02; 1.058000e+03; 1.857000e+03; 2.425000e+03; 7.040000e+02; 1.845000e+03; 2.428000e+03; 2.204000e+03; 
1.457000e+03; 1.617000e+03; 1.735000e+03; 1.612000e+03; 1.486000e+03; 0.000000e+00; 1.082000e+03; 1.199000e+03; 9.200000e+02; 1.252000e+03; 9.470000e+02; 1.493000e+03; 1.183000e+03; 1.745000e+03; 1.033000e+03; 1.763000e+03; 1.131000e+03; 1.604000e+03; 1.556000e+03; 1.758000e+03; 1.461000e+03; 1.260000e+03; 1.858000e+03; 1.508000e+03; 
1.251000e+03; 1.304000e+03; 8.510000e+02; 7.490000e+02; 7.570000e+02; 1.082000e+03; 0.000000e+00; 1.025000e+03; 1.227000e+03; 1.525000e+03; 1.114000e+03; 7.700000e+02; 7.000000e+02; 2.049000e+03; 6.300000e+02; 1.087000e+03; 9.240000e+02; 7.390000e+02; 1.749000e+03; 2.055000e+03; 4.920000e+02; 1.568000e+03; 2.166000e+03; 1.796000e+03; 
1.421000e+03; 1.369000e+03; 1.551000e+03; 1.501000e+03; 9.810000e+02; 1.199000e+03; 1.025000e+03; 0.000000e+00; 6.630000e+02; 1.156000e+03; 9.720000e+02; 1.467000e+03; 1.178000e+03; 1.240000e+03; 1.038000e+03; 1.726000e+03; 1.082000e+03; 1.631000e+03; 1.579000e+03; 1.633000e+03; 1.463000e+03; 9.990000e+02; 1.681000e+03; 1.508000e+03; 
8.370000e+02; 1.212000e+03; 1.769000e+03; 1.654000e+03; 1.474000e+03; 9.200000e+02; 1.227000e+03; 6.630000e+02; 0.000000e+00; 1.479000e+03; 1.105000e+03; 1.023000e+03; 6.510000e+02; 1.983000e+03; 6.230000e+02; 1.333000e+03; 9.390000e+02; 1.022000e+03; 1.690000e+03; 1.969000e+03; 9.020000e+02; 1.492000e+03; 2.091000e+03; 1.709000e+03; 
1.364000e+03; 1.291000e+03; 2.072000e+03; 1.995000e+03; 1.552000e+03; 1.252000e+03; 1.525000e+03; 1.156000e+03; 1.479000e+03; 0.000000e+00; 1.183000e+03; 1.473000e+03; 1.326000e+03; 1.427000e+03; 1.254000e+03; 1.716000e+03; 1.222000e+03; 1.905000e+03; 1.836000e+03; 1.590000e+03; 1.621000e+03; 1.207000e+03; 1.446000e+03; 1.828000e+03; 
9.610000e+02; 1.315000e+03; 1.605000e+03; 1.580000e+03; 1.317000e+03; 9.470000e+02; 1.114000e+03; 9.720000e+02; 1.105000e+03; 1.183000e+03; 0.000000e+00; 8.650000e+02; 7.900000e+02; 1.809000e+03; 8.030000e+02; 1.056000e+03; 7.120000e+02; 1.420000e+03; 1.499000e+03; 1.885000e+03; 1.056000e+03; 1.356000e+03; 1.949000e+03; 1.704000e+03; 
1.488000e+03; 1.796000e+03; 1.017000e+03; 1.079000e+03; 5.940000e+02; 1.493000e+03; 7.700000e+02; 1.467000e+03; 1.023000e+03; 1.473000e+03; 8.650000e+02; 0.000000e+00; 9.500000e+02; 2.147000e+03; 5.940000e+02; 1.241000e+03; 6.800000e+02; 1.098000e+03; 1.794000e+03; 2.439000e+03; 9.050000e+02; 1.837000e+03; 2.455000e+03; 2.237000e+03; 
1.280000e+03; 1.447000e+03; 1.251000e+03; 1.161000e+03; 9.280000e+02; 1.183000e+03; 7.000000e+02; 1.178000e+03; 6.510000e+02; 1.326000e+03; 7.900000e+02; 9.500000e+02; 0.000000e+00; 1.941000e+03; 4.350000e+02; 9.490000e+02; 5.470000e+02; 1.081000e+03; 1.607000e+03; 2.115000e+03; 7.740000e+02; 1.547000e+03; 2.121000e+03; 1.890000e+03; 
9.370000e+02; 1.936000e+03; 2.596000e+03; 2.485000e+03; 2.203000e+03; 1.745000e+03; 2.049000e+03; 1.240000e+03; 1.983000e+03; 1.427000e+03; 1.809000e+03; 2.147000e+03; 1.941000e+03; 0.000000e+00; 1.829000e+03; 2.339000e+03; 1.780000e+03; 2.421000e+03; 2.394000e+03; 2.136000e+03; 2.237000e+03; 1.402000e+03; 1.986000e+03; 2.336000e+03; 
1.178000e+03; 1.275000e+03; 1.137000e+03; 1.100000e+03; 6.040000e+02; 1.033000e+03; 6.300000e+02; 1.038000e+03; 6.230000e+02; 1.254000e+03; 8.030000e+02; 5.940000e+02; 4.350000e+02; 1.829000e+03; 0.000000e+00; 1.511000e+03; 8.150000e+02; 1.397000e+03; 1.982000e+03; 2.708000e+03; 1.061000e+03; 2.089000e+03; 2.734000e+03; 2.520000e+03; 
1.698000e+03; 2.085000e+03; 1.255000e+03; 1.347000e+03; 1.104000e+03; 1.763000e+03; 1.087000e+03; 1.726000e+03; 1.333000e+03; 1.716000e+03; 1.056000e+03; 1.241000e+03; 9.490000e+02; 2.339000e+03; 1.511000e+03; 0.000000e+00; 1.051000e+03; 1.018000e+03; 1.446000e+03; 1.969000e+03; 9.960000e+02; 1.393000e+03; 1.975000e+03; 1.752000e+03; 
1.119000e+03; 1.479000e+03; 1.359000e+03; 1.361000e+03; 6.490000e+02; 1.131000e+03; 9.240000e+02; 1.082000e+03; 9.390000e+02; 1.222000e+03; 7.120000e+02; 6.800000e+02; 5.470000e+02; 1.780000e+03; 8.150000e+02; 1.051000e+03; 0.000000e+00; 1.171000e+03; 2.145000e+03; 2.445000e+03; 8.750000e+02; 1.972000e+03; 2.571000e+03; 2.179000e+03; 
1.815000e+03; 1.760000e+03; 1.282000e+03; 1.171000e+03; 1.058000e+03; 1.604000e+03; 7.390000e+02; 1.631000e+03; 1.022000e+03; 1.905000e+03; 1.420000e+03; 1.098000e+03; 1.081000e+03; 2.421000e+03; 1.397000e+03; 1.018000e+03; 1.171000e+03; 0.000000e+00; 2.083000e+03; 2.412000e+03; 1.008000e+03; 1.925000e+03; 2.523000e+03; 2.151000e+03; 
1.753000e+03; 1.727000e+03; 2.300000e+03; 2.202000e+03; 1.857000e+03; 1.556000e+03; 1.749000e+03; 1.579000e+03; 1.690000e+03; 1.836000e+03; 1.499000e+03; 1.794000e+03; 1.607000e+03; 2.394000e+03; 1.982000e+03; 1.446000e+03; 2.145000e+03; 2.083000e+03; 0.000000e+00; 2.165000e+03; 1.903000e+03; 1.668000e+03; 2.264000e+03; 2.044000e+03; 
1.499000e+03; 2.172000e+03; 2.540000e+03; 2.385000e+03; 2.425000e+03; 1.758000e+03; 2.055000e+03; 1.633000e+03; 1.969000e+03; 1.590000e+03; 1.885000e+03; 2.439000e+03; 2.115000e+03; 2.136000e+03; 2.708000e+03; 1.969000e+03; 2.445000e+03; 2.412000e+03; 2.165000e+03; 0.000000e+00; 2.377000e+03; 1.829000e+03; 2.410000e+03; 2.281000e+03; 
1.576000e+03; 1.698000e+03; 1.038000e+03; 9.660000e+02; 7.040000e+02; 1.461000e+03; 4.920000e+02; 1.463000e+03; 9.020000e+02; 1.621000e+03; 1.056000e+03; 9.050000e+02; 7.740000e+02; 2.237000e+03; 1.061000e+03; 9.960000e+02; 8.750000e+02; 1.008000e+03; 1.903000e+03; 2.377000e+03; 0.000000e+00; 1.162000e+03; 1.744000e+03; 1.835000e+03; 
6.680000e+02; 1.583000e+03; 2.099000e+03; 1.969000e+03; 1.845000e+03; 1.260000e+03; 1.568000e+03; 9.990000e+02; 1.492000e+03; 1.207000e+03; 1.356000e+03; 1.837000e+03; 1.547000e+03; 1.402000e+03; 2.089000e+03; 1.393000e+03; 1.972000e+03; 1.925000e+03; 1.668000e+03; 1.829000e+03; 1.162000e+03; 0.000000e+00; 1.787000e+03; 2.435000e+03; 
