Recursion step 0:
Costs:
0.000000e+00; 3.120000e+02; 7.500000e+02; 1.062000e+03; 2.062000e+03; 1.481000e+03; 1.000000e+03; 2.520000e+02; 5.440000e+03; 5.736000e+03; 6.328000e+03; 6.625000e+03; 6.922000e+03; 6.464000e+03; 6.563000e+03; 5.497000e+03; 5.613000e+03; 4.456000e+03; 4.278000e+03; 3.929000e+03; 3.758000e+03; 2.562000e+03; 2.728000e+03; 2.329000e+03; 2.133000e+03; 2.317000e+03; 1.300000e+03; 1.600000e+03; 1.900000e+03; 2.191000e+03; 1.937000e+03; 1.698000e+03; 2.728000e+03; 2.456000e+03; 2.200000e+03; 2.400000e+03; 2.747000e+03; 2.534000e+03; 2.905000e+03; 3.093000e+03; 4.163000e+03; 4.281000e+03; 4.440000e+03; 4.603000e+03; 4.769000e+03; 5.890000e+03; 6.164000e+03; 6.441000e+03; 6.719000e+03; 6.999000e+03; 7.281000e+03; 5.892000e+03; 5.996000e+03; 5.085000e+03; 3.481000e+03; 3.821000e+03; 4.194000e+03; 4.048000e+03; 3.146000e+03; 3.892000e+03; 3.524000e+03; 4.033000e+03; 5.532000e+03; 5.670000e+03; 5.255000e+03; 4.998000e+03; 5.963000e+03; 5.810000e+03; 5.950000e+03; 6.091000e+03; 6.233000e+03; 6.376000e+03; 6.519000e+03; 6.662000e+03; 6.806000e+03; 6.951000e+03; 7.096000e+03; 7.242000e+03; 7.388000e+03; 7.535000e+03; 6.796000e+03; 6.849000e+03; 6.219000e+03; 6.819000e+03; 7.426000e+03; 7.626000e+03; 7.683000e+03; 8.255000e+03; 8.924000e+03; 8.200000e+03; 8.469000e+03; 7.681000e+03; 7.829000e+03; 7.976000e+03; 8.124000e+03; 8.272000e+03; 8.421000e+03; 8.569000e+03; 8.718000e+03; 8.867000e+03; 9.211000e+03; 9.520000e+03; 9.659000e+03; 1.043900e+04; 1.129700e+04; 1.120600e+04; 1.111600e+04; 1.102700e+04; 1.094000e+04; 1.085400e+04; 1.077000e+04; 1.068800e+04; 1.060700e+04; 1.052800e+04; 9.160000e+03; 9.177000e+03; 9.198000e+03; 9.220000e+03; 9.246000e+03; 9.274000e+03; 9.304000e+03; 9.337000e+03; 9.373000e+03; 9.411000e+03; 
3.120000e+02; 0.000000e+00; 4.380000e+02; 7.500000e+02; 1.794000e+03; 1.268000e+03; 1.049000e+03; 5.530000e+02; 5.748000e+03; 6.044000e+03; 6.637000e+03; 6.934000e+03; 7.231000e+03; 6.768000e+03; 6.862000e+03; 5.798000e+03; 5.907000e+03; 4.736000e+03; 4.556000e+03; 4.200000e+03; 4.025000e+03; 2.811000e+03; 2.962000e+03; 2.526000e+03; 2.347000e+03; 2.472000e+03; 1.338000e+03; 1.631000e+03; 1.926000e+03; 2.054000e+03; 1.780000e+03; 1.516000e+03; 2.619000e+03; 2.334000e+03; 2.223000e+03; 2.421000e+03; 2.917000e+03; 2.717000e+03; 3.126000e+03; 3.301000e+03; 4.410000e+03; 4.531000e+03; 4.696000e+03; 4.863000e+03; 5.032000e+03; 6.175000e+03; 6.452000e+03; 6.730000e+03; 7.011000e+03; 7.292000e+03; 7.576000e+03; 6.156000e+03; 6.257000e+03; 5.330000e+03; 3.599000e+03; 3.925000e+03; 4.293000e+03; 4.093000e+03; 3.125000e+03; 3.875000e+03; 3.501000e+03; 3.957000e+03; 5.394000e+03; 5.536000e+03; 5.167000e+03; 4.920000e+03; 5.926000e+03; 5.679000e+03; 5.822000e+03; 5.966000e+03; 6.111000e+03; 6.256000e+03; 6.402000e+03; 6.548000e+03; 6.695000e+03; 6.842000e+03; 6.990000e+03; 7.137000e+03; 7.286000e+03; 7.434000e+03; 6.751000e+03; 6.818000e+03; 6.190000e+03; 6.803000e+03; 7.570000e+03; 7.791000e+03; 7.852000e+03; 8.449000e+03; 9.113000e+03; 8.350000e+03; 8.574000e+03; 7.583000e+03; 7.732000e+03; 7.881000e+03; 8.031000e+03; 8.181000e+03; 8.331000e+03; 8.481000e+03; 8.632000e+03; 8.782000e+03; 9.303000e+03; 9.657000e+03; 9.820000e+03; 1.062800e+04; 1.148500e+04; 1.139000e+04; 1.129700e+04; 1.120600e+04; 1.111600e+04; 1.102700e+04; 1.094000e+04; 1.085400e+04; 1.077000e+04; 1.068800e+04; 9.132000e+03; 9.145000e+03; 9.160000e+03; 9.177000e+03; 9.198000e+03; 9.220000e+03; 9.246000e+03; 9.274000e+03; 9.304000e+03; 9.337000e+03; 
7.500000e+02; 4.380000e+02; 0.000000e+00; 3.120000e+02; 1.446000e+03; 1.057000e+03; 1.254000e+03; 9.870000e+02; 6.180000e+03; 6.477000e+03; 7.071000e+03; 7.368000e+03; 7.666000e+03; 7.195000e+03; 7.284000e+03; 6.221000e+03; 6.324000e+03; 5.137000e+03; 4.953000e+03; 4.590000e+03; 4.411000e+03; 3.178000e+03; 3.313000e+03; 2.839000e+03; 2.680000e+03; 2.735000e+03; 1.504000e+03; 1.770000e+03; 2.045000e+03; 1.930000e+03; 1.636000e+03; 1.344000e+03; 2.523000e+03; 2.226000e+03; 2.326000e+03; 2.516000e+03; 3.191000e+03; 3.010000e+03; 3.461000e+03; 3.620000e+03; 4.769000e+03; 4.895000e+03; 5.065000e+03; 5.237000e+03; 5.411000e+03; 6.580000e+03; 6.859000e+03; 7.140000e+03; 7.422000e+03; 7.706000e+03; 7.991000e+03; 6.533000e+03; 6.630000e+03; 5.685000e+03; 3.802000e+03; 4.106000e+03; 4.464000e+03; 4.194000e+03; 3.148000e+03; 3.893000e+03; 3.515000e+03; 3.892000e+03; 5.226000e+03; 5.372000e+03; 5.074000e+03; 4.842000e+03; 5.901000e+03; 5.519000e+03; 5.667000e+03; 5.815000e+03; 5.963000e+03; 6.112000e+03; 6.261000e+03; 6.411000e+03; 6.560000e+03; 6.710000e+03; 6.861000e+03; 7.011000e+03; 7.162000e+03; 7.313000e+03; 6.711000e+03; 6.800000e+03; 6.175000e+03; 6.803000e+03; 7.789000e+03; 8.036000e+03; 8.104000e+03; 8.734000e+03; 9.389000e+03; 8.576000e+03; 8.737000e+03; 7.464000e+03; 7.616000e+03; 7.767000e+03; 7.919000e+03; 8.071000e+03; 8.223000e+03; 8.375000e+03; 8.528000e+03; 8.680000e+03; 9.447000e+03; 9.861000e+03; 1.005700e+04; 1.090300e+04; 1.175600e+04; 1.165800e+04; 1.156200e+04; 1.146600e+04; 1.137200e+04; 1.128000e+04; 1.118800e+04; 1.109800e+04; 1.101000e+04; 1.092300e+04; 9.112000e+03; 9.117000e+03; 9.124000e+03; 9.135000e+03; 9.147000e+03; 9.163000e+03; 9.181000e+03; 9.202000e+03; 9.225000e+03; 9.251000e+03; 
1.062000e+03; 7.500000e+02; 3.120000e+02; 0.000000e+00; 1.233000e+03; 1.000000e+03; 1.463000e+03; 1.297000e+03; 6.488000e+03; 6.785000e+03; 7.380000e+03; 7.677000e+03; 7.975000e+03; 7.500000e+03; 7.585000e+03; 6.524000e+03; 6.622000e+03; 5.426000e+03; 5.240000e+03; 4.873000e+03; 4.691000e+03; 3.450000e+03; 3.575000e+03; 3.080000e+03; 2.934000e+03; 2.947000e+03; 1.683000e+03; 1.924000e+03; 2.180000e+03; 1.900000e+03; 1.600000e+03; 1.300000e+03; 2.500000e+03; 2.200000e+03; 2.445000e+03; 2.627000e+03; 3.407000e+03; 3.238000e+03; 3.712000e+03; 3.860000e+03; 5.032000e+03; 5.161000e+03; 5.334000e+03; 5.509000e+03; 5.686000e+03; 6.870000e+03; 7.151000e+03; 7.434000e+03; 7.718000e+03; 8.003000e+03; 8.289000e+03; 6.806000e+03; 6.900000e+03; 5.944000e+03; 3.970000e+03; 4.258000e+03; 4.608000e+03; 4.293000e+03; 3.201000e+03; 3.936000e+03; 3.558000e+03; 3.875000e+03; 5.126000e+03; 5.275000e+03; 5.030000e+03; 4.811000e+03; 5.903000e+03; 5.425000e+03; 5.575000e+03; 5.725000e+03; 5.876000e+03; 6.027000e+03; 6.178000e+03; 6.329000e+03; 6.481000e+03; 6.633000e+03; 6.785000e+03; 6.937000e+03; 7.089000e+03; 7.242000e+03; 6.700000e+03; 6.804000e+03; 6.183000e+03; 6.821000e+03; 7.956000e+03; 8.221000e+03; 8.293000e+03; 8.945000e+03; 9.593000e+03; 8.747000e+03; 8.866000e+03; 7.394000e+03; 7.547000e+03; 7.700000e+03; 7.853000e+03; 8.006000e+03; 8.160000e+03; 8.313000e+03; 8.467000e+03; 8.620000e+03; 9.561000e+03; 1.001600e+04; 1.023500e+04; 1.110500e+04; 1.195600e+04; 1.185600e+04; 1.175600e+04; 1.165800e+04; 1.156200e+04; 1.146600e+04; 1.137200e+04; 1.128000e+04; 1.118800e+04; 1.109800e+04; 9.110000e+03; 9.110000e+03; 9.112000e+03; 9.117000e+03; 9.124000e+03; 9.135000e+03; 9.147000e+03; 9.163000e+03; 9.181000e+03; 9.202000e+03; 
2.062000e+03; 1.794000e+03; 1.446000e+03; 1.233000e+03; 0.000000e+00; 7.250000e+02; 1.825000e+03; 2.228000e+03; 7.175000e+03; 7.475000e+03; 8.075000e+03; 8.375000e+03; 8.675000e+03; 8.118000e+03; 8.152000e+03; 7.121000e+03; 7.160000e+03; 5.889000e+03; 5.693000e+03; 5.300000e+03; 5.103000e+03; 3.855000e+03; 3.905000e+03; 3.324000e+03; 3.265000e+03; 3.054000e+03; 1.853000e+03; 1.929000e+03; 2.046000e+03; 1.175000e+03; 9.570000e+02; 7.940000e+02; 1.688000e+03; 1.423000e+03; 2.198000e+03; 2.315000e+03; 3.492000e+03; 3.400000e+03; 3.970000e+03; 4.049000e+03; 5.312000e+03; 5.455000e+03; 5.646000e+03; 5.838000e+03; 6.030000e+03; 7.325000e+03; 7.619000e+03; 7.913000e+03; 8.208000e+03; 8.503000e+03; 8.799000e+03; 7.115000e+03; 7.187000e+03; 6.174000e+03; 3.780000e+03; 3.982000e+03; 4.278000e+03; 3.790000e+03; 2.593000e+03; 3.242000e+03; 2.887000e+03; 2.983000e+03; 3.996000e+03; 4.149000e+03; 4.029000e+03; 3.848000e+03; 5.015000e+03; 4.302000e+03; 4.456000e+03; 4.610000e+03; 4.764000e+03; 4.918000e+03; 5.072000e+03; 5.227000e+03; 5.381000e+03; 5.536000e+03; 5.690000e+03; 5.845000e+03; 6.000000e+03; 6.154000e+03; 5.764000e+03; 5.910000e+03; 5.309000e+03; 5.968000e+03; 7.646000e+03; 7.991000e+03; 8.081000e+03; 8.835000e+03; 9.444000e+03; 8.443000e+03; 8.377000e+03; 6.309000e+03; 6.464000e+03; 6.619000e+03; 6.774000e+03; 6.929000e+03; 7.084000e+03; 7.239000e+03; 7.395000e+03; 7.550000e+03; 9.008000e+03; 9.630000e+03; 9.947000e+03; 1.093400e+04; 1.176500e+04; 1.165300e+04; 1.154200e+04; 1.143200e+04; 1.132200e+04; 1.121500e+04; 1.110800e+04; 1.100200e+04; 1.089800e+04; 1.079400e+04; 8.180000e+03; 8.165000e+03; 8.153000e+03; 8.144000e+03; 8.138000e+03; 8.135000e+03; 8.135000e+03; 8.138000e+03; 8.144000e+03; 8.153000e+03; 
1.481000e+03; 1.268000e+03; 1.057000e+03; 1.000000e+03; 7.250000e+02; 0.000000e+00; 1.100000e+03; 1.601000e+03; 6.450000e+03; 6.750000e+03; 7.350000e+03; 7.650000e+03; 7.950000e+03; 7.393000e+03; 7.429000e+03; 6.396000e+03; 6.438000e+03; 5.172000e+03; 4.976000e+03; 4.585000e+03; 4.390000e+03; 3.137000e+03; 3.197000e+03; 2.625000e+03; 2.552000e+03; 2.381000e+03; 1.140000e+03; 1.252000e+03; 1.421000e+03; 9.000000e+02; 6.000000e+02; 3.000000e+02; 1.500000e+03; 1.200000e+03; 1.627000e+03; 1.780000e+03; 2.831000e+03; 2.718000e+03; 3.274000e+03; 3.368000e+03; 4.620000e+03; 4.760000e+03; 4.949000e+03; 5.138000e+03; 5.328000e+03; 6.610000e+03; 6.903000e+03; 7.197000e+03; 7.491000e+03; 7.786000e+03; 8.081000e+03; 6.422000e+03; 6.499000e+03; 5.495000e+03; 3.217000e+03; 3.460000e+03; 3.785000e+03; 3.387000e+03; 2.245000e+03; 2.965000e+03; 2.589000e+03; 2.875000e+03; 4.169000e+03; 4.315000e+03; 4.034000e+03; 3.811000e+03; 4.905000e+03; 4.462000e+03; 4.610000e+03; 4.758000e+03; 4.906000e+03; 5.055000e+03; 5.205000e+03; 5.355000e+03; 5.505000e+03; 5.655000e+03; 5.806000e+03; 5.957000e+03; 6.108000e+03; 6.260000e+03; 5.700000e+03; 5.806000e+03; 5.186000e+03; 5.828000e+03; 7.161000e+03; 7.470000e+03; 7.553000e+03; 8.267000e+03; 8.893000e+03; 7.957000e+03; 7.986000e+03; 6.411000e+03; 6.563000e+03; 6.715000e+03; 6.868000e+03; 7.020000e+03; 7.173000e+03; 7.326000e+03; 7.478000e+03; 7.631000e+03; 8.657000e+03; 9.187000e+03; 9.456000e+03; 1.039400e+04; 1.123400e+04; 1.112700e+04; 1.102100e+04; 1.091600e+04; 1.081200e+04; 1.070900e+04; 1.060800e+04; 1.050800e+04; 1.041000e+04; 1.031300e+04; 8.111000e+03; 8.110000e+03; 8.111000e+03; 8.116000e+03; 8.124000e+03; 8.135000e+03; 8.149000e+03; 8.166000e+03; 8.186000e+03; 8.208000e+03; 
1.000000e+03; 1.049000e+03; 1.254000e+03; 1.463000e+03; 1.825000e+03; 1.100000e+03; 0.000000e+00; 9.270000e+02; 5.350000e+03; 5.650000e+03; 6.250000e+03; 6.550000e+03; 6.850000e+03; 6.296000e+03; 6.339000e+03; 5.301000e+03; 5.351000e+03; 4.098000e+03; 3.905000e+03; 3.520000e+03; 3.328000e+03; 2.071000e+03; 2.160000e+03; 1.629000e+03; 1.510000e+03; 1.485000e+03; 3.000000e+02; 6.000000e+02; 9.000000e+02; 1.421000e+03; 1.252000e+03; 1.140000e+03; 1.860000e+03; 1.627000e+03; 1.200000e+03; 1.400000e+03; 1.944000e+03; 1.776000e+03; 2.272000e+03; 2.406000e+03; 3.611000e+03; 3.745000e+03; 3.926000e+03; 4.109000e+03; 4.294000e+03; 5.543000e+03; 5.833000e+03; 6.124000e+03; 6.415000e+03; 6.708000e+03; 7.001000e+03; 5.404000e+03; 5.490000e+03; 4.511000e+03; 2.560000e+03; 2.878000e+03; 3.245000e+03; 3.054000e+03; 2.157000e+03; 2.899000e+03; 2.535000e+03; 3.087000e+03; 4.673000e+03; 4.804000e+03; 4.317000e+03; 4.049000e+03; 4.977000e+03; 4.936000e+03; 5.070000e+03; 5.205000e+03; 5.341000e+03; 5.478000e+03; 5.617000e+03; 5.756000e+03; 5.896000e+03; 6.036000e+03; 6.178000e+03; 6.320000e+03; 6.463000e+03; 6.606000e+03; 5.814000e+03; 5.858000e+03; 5.229000e+03; 5.823000e+03; 6.543000e+03; 6.783000e+03; 6.850000e+03; 7.485000e+03; 8.137000e+03; 7.327000e+03; 7.525000e+03; 6.750000e+03; 6.894000e+03; 7.039000e+03; 7.185000e+03; 7.331000e+03; 7.477000e+03; 7.624000e+03; 7.771000e+03; 7.918000e+03; 8.253000e+03; 8.622000e+03; 8.805000e+03; 9.650000e+03; 1.050300e+04; 1.040500e+04; 1.030800e+04; 1.021200e+04; 1.011800e+04; 1.002600e+04; 9.935000e+03; 9.845000e+03; 9.758000e+03; 9.672000e+03; 8.167000e+03; 8.187000e+03; 8.209000e+03; 8.235000e+03; 8.264000e+03; 8.295000e+03; 8.329000e+03; 8.366000e+03; 8.406000e+03; 8.448000e+03; 
2.520000e+02; 5.530000e+02; 9.870000e+02; 1.297000e+03; 2.228000e+03; 1.601000e+03; 9.270000e+02; 0.000000e+00; 5.195000e+03; 5.491000e+03; 6.084000e+03; 6.381000e+03; 6.679000e+03; 6.215000e+03; 6.312000e+03; 5.247000e+03; 5.361000e+03; 4.203000e+03; 4.026000e+03; 3.678000e+03; 3.508000e+03; 2.321000e+03; 2.492000e+03; 2.114000e+03; 1.910000e+03; 2.130000e+03; 1.220000e+03; 1.516000e+03; 1.814000e+03; 2.235000e+03; 2.001000e+03; 1.787000e+03; 2.741000e+03; 2.483000e+03; 2.112000e+03; 2.310000e+03; 2.549000e+03; 2.328000e+03; 2.676000e+03; 2.870000e+03; 3.921000e+03; 4.037000e+03; 4.195000e+03; 4.356000e+03; 4.520000e+03; 5.638000e+03; 5.912000e+03; 6.188000e+03; 6.467000e+03; 6.747000e+03; 7.029000e+03; 5.644000e+03; 5.749000e+03; 4.843000e+03; 3.314000e+03; 3.662000e+03; 4.038000e+03; 3.930000e+03; 3.083000e+03; 3.822000e+03; 3.461000e+03; 4.009000e+03; 5.556000e+03; 5.692000e+03; 5.237000e+03; 4.972000e+03; 5.903000e+03; 5.828000e+03; 5.965000e+03; 6.104000e+03; 6.243000e+03; 6.382000e+03; 6.523000e+03; 6.664000e+03; 6.806000e+03; 6.949000e+03; 7.092000e+03; 7.235000e+03; 7.379000e+03; 7.524000e+03; 6.741000e+03; 6.781000e+03; 6.152000e+03; 6.741000e+03; 7.235000e+03; 7.423000e+03; 7.477000e+03; 8.035000e+03; 8.706000e+03; 8.005000e+03; 8.302000e+03; 7.669000e+03; 7.814000e+03; 7.960000e+03; 8.106000e+03; 8.253000e+03; 8.400000e+03; 8.547000e+03; 8.695000e+03; 8.842000e+03; 9.053000e+03; 9.333000e+03; 9.457000e+03; 1.022100e+04; 1.108000e+04; 1.099000e+04; 1.090200e+04; 1.081500e+04; 1.072900e+04; 1.064500e+04; 1.056300e+04; 1.048200e+04; 1.040300e+04; 1.032600e+04; 9.088000e+03; 9.109000e+03; 9.134000e+03; 9.161000e+03; 9.190000e+03; 9.222000e+03; 9.257000e+03; 9.294000e+03; 9.334000e+03; 9.375000e+03; 
5.440000e+03; 5.748000e+03; 6.180000e+03; 6.488000e+03; 7.175000e+03; 6.450000e+03; 5.350000e+03; 5.195000e+03; 0.000000e+00; 3.000000e+02; 9.000000e+02; 1.200000e+03; 1.500000e+03; 1.089000e+03; 1.325000e+03; 5.790000e+02; 9.520000e+02; 1.730000e+03; 1.892000e+03; 2.236000e+03; 2.415000e+03; 3.441000e+03; 3.499000e+03; 4.081000e+03; 4.031000e+03; 4.468000e+03; 5.361000e+03; 5.389000e+03; 5.433000e+03; 6.519000e+03; 6.482000e+03; 6.459000e+03; 6.633000e+03; 6.570000e+03; 5.494000e+03; 5.543000e+03; 4.222000e+03; 4.145000e+03; 3.573000e+03; 3.663000e+03; 2.705000e+03; 2.589000e+03; 2.440000e+03; 2.299000e+03; 2.167000e+03; 1.500000e+03; 1.529000e+03; 1.615000e+03; 1.749000e+03; 1.920000e+03; 2.121000e+03; 2.314000e+03; 2.457000e+03; 2.684000e+03; 4.778000e+03; 5.014000e+03; 5.185000e+03; 5.806000e+03; 6.124000e+03; 6.428000e+03; 6.312000e+03; 7.105000e+03; 8.854000e+03; 8.925000e+03; 8.065000e+03; 7.770000e+03; 7.953000e+03; 8.998000e+03; 9.073000e+03; 9.150000e+03; 9.229000e+03; 9.310000e+03; 9.392000e+03; 9.477000e+03; 9.564000e+03; 9.652000e+03; 9.742000e+03; 9.833000e+03; 9.926000e+03; 1.002100e+04; 8.678000e+03; 8.506000e+03; 8.031000e+03; 8.290000e+03; 6.057000e+03; 5.784000e+03; 5.724000e+03; 5.583000e+03; 6.225000e+03; 6.481000e+03; 7.555000e+03; 1.011700e+04; 1.021500e+04; 1.031400e+04; 1.041500e+04; 1.051700e+04; 1.062000e+04; 1.072400e+04; 1.083000e+04; 1.093700e+04; 8.381000e+03; 7.788000e+03; 7.416000e+03; 7.476000e+03; 8.266000e+03; 8.243000e+03; 8.222000e+03; 8.204000e+03; 8.190000e+03; 8.178000e+03; 8.169000e+03; 8.163000e+03; 8.160000e+03; 8.160000e+03; 1.031800e+04; 1.041400e+04; 1.051200e+04; 1.061100e+04; 1.071100e+04; 1.081300e+04; 1.091600e+04; 1.102000e+04; 1.112500e+04; 1.123200e+04; 
5.736000e+03; 6.044000e+03; 6.477000e+03; 6.785000e+03; 7.475000e+03; 6.750000e+03; 5.650000e+03; 5.491000e+03; 3.000000e+02; 0.000000e+00; 6.000000e+02; 9.000000e+02; 1.200000e+03; 8.490000e+02; 1.137000e+03; 6.860000e+02; 1.021000e+03; 1.976000e+03; 2.148000e+03; 2.505000e+03; 2.688000e+03; 3.736000e+03; 3.789000e+03; 4.373000e+03; 4.327000e+03; 4.759000e+03; 5.660000e+03; 5.687000e+03; 5.729000e+03; 6.816000e+03; 6.781000e+03; 6.759000e+03; 6.925000e+03; 6.864000e+03; 5.786000e+03; 5.833000e+03; 4.506000e+03; 4.433000e+03; 3.858000e+03; 3.941000e+03; 2.947000e+03; 2.825000e+03; 2.666000e+03; 2.514000e+03; 2.368000e+03; 1.529000e+03; 1.500000e+03; 1.529000e+03; 1.615000e+03; 1.749000e+03; 1.920000e+03; 2.387000e+03; 2.524000e+03; 2.855000e+03; 5.042000e+03; 5.269000e+03; 5.429000e+03; 6.062000e+03; 6.405000e+03; 6.697000e+03; 6.588000e+03; 7.379000e+03; 9.124000e+03; 9.192000e+03; 8.326000e+03; 8.032000e+03; 8.190000e+03; 9.263000e+03; 9.336000e+03; 9.411000e+03; 9.488000e+03; 9.566000e+03; 9.647000e+03; 9.729000e+03; 9.814000e+03; 9.900000e+03; 9.987000e+03; 1.007700e+04; 1.016700e+04; 1.026000e+04; 8.905000e+03; 8.726000e+03; 8.261000e+03; 8.506000e+03; 6.165000e+03; 5.867000e+03; 5.800000e+03; 5.607000e+03; 6.234000e+03; 6.559000e+03; 7.665000e+03; 1.035400e+04; 1.044900e+04; 1.054600e+04; 1.064500e+04; 1.074400e+04; 1.084500e+04; 1.094800e+04; 1.105100e+04; 1.115600e+04; 8.486000e+03; 7.845000e+03; 7.443000e+03; 7.447000e+03; 8.224000e+03; 8.206000e+03; 8.191000e+03; 8.178000e+03; 8.169000e+03; 8.163000e+03; 8.160000e+03; 8.160000e+03; 8.163000e+03; 8.168000e+03; 1.050400e+04; 1.060300e+04; 1.070300e+04; 1.080500e+04; 1.090800e+04; 1.101200e+04; 1.111700e+04; 1.122400e+04; 1.133100e+04; 1.144000e+04; 
6.328000e+03; 6.637000e+03; 7.071000e+03; 7.380000e+03; 8.075000e+03; 7.350000e+03; 6.250000e+03; 6.084000e+03; 9.000000e+02; 6.000000e+02; 0.000000e+00; 3.000000e+02; 6.000000e+02; 5.750000e+02; 9.500000e+02; 1.131000e+03; 1.361000e+03; 2.505000e+03; 2.688000e+03; 3.060000e+03; 3.249000e+03; 4.327000e+03; 4.373000e+03; 4.961000e+03; 4.921000e+03; 5.344000e+03; 6.259000e+03; 6.283000e+03; 6.321000e+03; 7.411000e+03; 7.378000e+03; 7.358000e+03; 7.511000e+03; 7.455000e+03; 6.373000e+03; 6.415000e+03; 5.079000e+03; 5.014000e+03; 4.433000e+03; 4.506000e+03; 3.457000e+03; 3.327000e+03; 3.156000e+03; 2.988000e+03; 2.825000e+03; 1.749000e+03; 1.615000e+03; 1.529000e+03; 1.500000e+03; 1.529000e+03; 1.615000e+03; 2.632000e+03; 2.751000e+03; 3.252000e+03; 5.582000e+03; 5.792000e+03; 5.933000e+03; 6.586000e+03; 6.972000e+03; 7.241000e+03; 7.145000e+03; 7.933000e+03; 9.668000e+03; 9.733000e+03; 8.855000e+03; 8.564000e+03; 8.675000e+03; 9.800000e+03; 9.869000e+03; 9.939000e+03; 1.001200e+04; 1.008700e+04; 1.016300e+04; 1.024200e+04; 1.032200e+04; 1.040300e+04; 1.048700e+04; 1.057200e+04; 1.065900e+04; 1.074700e+04; 9.371000e+03; 9.180000e+03; 8.735000e+03; 8.951000e+03; 6.418000e+03; 6.073000e+03; 5.993000e+03; 5.702000e+03; 6.297000e+03; 6.750000e+03; 7.915000e+03; 1.083700e+04; 1.092800e+04; 1.102100e+04; 1.111500e+04; 1.121000e+04; 1.130700e+04; 1.140500e+04; 1.150500e+04; 1.160600e+04; 8.723000e+03; 7.991000e+03; 7.531000e+03; 7.425000e+03; 8.171000e+03; 8.164000e+03; 8.160000e+03; 8.160000e+03; 8.162000e+03; 8.167000e+03; 8.175000e+03; 8.187000e+03; 8.201000e+03; 8.218000e+03; 1.089200e+04; 1.099600e+04; 1.110100e+04; 1.120700e+04; 1.131500e+04; 1.142300e+04; 1.153300e+04; 1.164400e+04; 1.175600e+04; 1.186800e+04; 
6.625000e+03; 6.934000e+03; 7.368000e+03; 7.677000e+03; 8.375000e+03; 7.650000e+03; 6.550000e+03; 6.381000e+03; 1.200000e+03; 9.000000e+02; 3.000000e+02; 0.000000e+00; 3.000000e+02; 6.370000e+02; 9.890000e+02; 1.398000e+03; 1.590000e+03; 2.780000e+03; 2.967000e+03; 3.344000e+03; 3.534000e+03; 4.624000e+03; 4.667000e+03; 5.257000e+03; 5.218000e+03; 5.638000e+03; 6.559000e+03; 6.582000e+03; 6.618000e+03; 7.708000e+03; 7.677000e+03; 7.658000e+03; 7.805000e+03; 7.751000e+03; 6.668000e+03; 6.708000e+03; 5.367000e+03; 5.306000e+03; 4.723000e+03; 4.791000e+03; 3.723000e+03; 3.589000e+03; 3.414000e+03; 3.241000e+03; 3.071000e+03; 1.920000e+03; 1.749000e+03; 1.615000e+03; 1.529000e+03; 1.500000e+03; 1.529000e+03; 2.795000e+03; 2.905000e+03; 3.473000e+03; 5.856000e+03; 6.059000e+03; 6.192000e+03; 6.853000e+03; 7.258000e+03; 7.517000e+03; 7.426000e+03; 8.213000e+03; 9.943000e+03; 1.000600e+04; 9.123000e+03; 8.833000e+03; 8.923000e+03; 1.007100e+04; 1.013800e+04; 1.020700e+04; 1.027800e+04; 1.035000e+04; 1.042500e+04; 1.050100e+04; 1.057900e+04; 1.065900e+04; 1.074100e+04; 1.082400e+04; 1.090800e+04; 1.099500e+04; 9.610000e+03; 9.413000e+03; 8.977000e+03; 9.180000e+03; 6.561000e+03; 6.195000e+03; 6.109000e+03; 5.773000e+03; 6.349000e+03; 6.864000e+03; 8.054000e+03; 1.108200e+04; 1.117200e+04; 1.126200e+04; 1.135500e+04; 1.144800e+04; 1.154300e+04; 1.163900e+04; 1.173700e+04; 1.183500e+04; 8.854000e+03; 8.079000e+03; 7.592000e+03; 7.432000e+03; 8.160000e+03; 8.160000e+03; 8.162000e+03; 8.167000e+03; 8.175000e+03; 8.186000e+03; 8.200000e+03; 8.217000e+03; 8.236000e+03; 8.259000e+03; 1.109300e+04; 1.119900e+04; 1.130600e+04; 1.141500e+04; 1.152500e+04; 1.163500e+04; 1.174700e+04; 1.186000e+04; 1.197300e+04; 1.208800e+04; 
6.922000e+03; 7.231000e+03; 7.666000e+03; 7.975000e+03; 8.675000e+03; 7.950000e+03; 6.850000e+03; 6.679000e+03; 1.500000e+03; 1.200000e+03; 6.000000e+02; 3.000000e+02; 0.000000e+00; 8.130000e+02; 1.110000e+03; 1.676000e+03; 1.839000e+03; 3.060000e+03; 3.249000e+03; 3.630000e+03; 3.822000e+03; 4.921000e+03; 4.961000e+03; 5.552000e+03; 5.516000e+03; 5.932000e+03; 6.858000e+03; 6.880000e+03; 6.915000e+03; 8.006000e+03; 7.976000e+03; 7.957000e+03; 8.099000e+03; 8.047000e+03; 6.963000e+03; 7.001000e+03; 5.657000e+03; 5.599000e+03; 5.014000e+03; 5.079000e+03; 3.993000e+03; 3.857000e+03; 3.678000e+03; 3.501000e+03; 3.327000e+03; 2.121000e+03; 1.920000e+03; 1.749000e+03; 1.615000e+03; 1.529000e+03; 1.500000e+03; 2.980000e+03; 3.080000e+03; 3.705000e+03; 6.132000e+03; 6.329000e+03; 6.454000e+03; 7.122000e+03; 7.545000e+03; 7.794000e+03; 7.708000e+03; 8.494000e+03; 1.021900e+04; 1.028000e+04; 9.392000e+03; 9.104000e+03; 9.174000e+03; 1.034300e+04; 1.040900e+04; 1.047600e+04; 1.054500e+04; 1.061600e+04; 1.068800e+04; 1.076300e+04; 1.083900e+04; 1.091700e+04; 1.099700e+04; 1.107800e+04; 1.116000e+04; 1.124500e+04; 9.852000e+03; 9.650000e+03; 9.222000e+03; 9.413000e+03; 6.715000e+03; 6.329000e+03; 6.238000e+03; 5.858000e+03; 6.415000e+03; 6.988000e+03; 8.202000e+03; 1.133100e+04; 1.141800e+04; 1.150700e+04; 1.159700e+04; 1.168900e+04; 1.178200e+04; 1.187600e+04; 1.197100e+04; 1.206800e+04; 8.994000e+03; 8.178000e+03; 7.665000e+03; 7.451000e+03; 8.161000e+03; 8.166000e+03; 8.174000e+03; 8.185000e+03; 8.199000e+03; 8.215000e+03; 8.235000e+03; 8.257000e+03; 8.283000e+03; 8.311000e+03; 1.129800e+04; 1.140700e+04; 1.151600e+04; 1.162700e+04; 1.173800e+04; 1.185100e+04; 1.196500e+04; 1.207900e+04; 1.219500e+04; 1.231100e+04; 
6.464000e+03; 6.768000e+03; 7.195000e+03; 7.500000e+03; 8.118000e+03; 7.393000e+03; 6.296000e+03; 6.215000e+03; 1.089000e+03; 8.490000e+02; 5.750000e+02; 6.370000e+02; 8.130000e+02; 0.000000e+00; 3.750000e+02; 1.000000e+03; 1.068000e+03; 2.348000e+03; 2.544000e+03; 2.938000e+03; 3.136000e+03; 4.301000e+03; 4.314000e+03; 4.912000e+03; 4.901000e+03; 5.278000e+03; 6.279000e+03; 6.275000e+03; 6.286000e+03; 7.384000e+03; 7.375000e+03; 7.378000e+03; 7.439000e+03; 7.405000e+03; 6.311000e+03; 6.335000e+03; 4.973000e+03; 4.936000e+03; 4.341000e+03; 4.383000e+03; 3.242000e+03; 3.101000e+03; 2.915000e+03; 2.731000e+03; 2.549000e+03; 1.308000e+03; 1.116000e+03; 9.800000e+02; 9.250000e+02; 9.650000e+02; 1.089000e+03; 2.170000e+03; 2.275000e+03; 2.900000e+03; 5.391000e+03; 5.571000e+03; 5.679000e+03; 6.361000e+03; 6.839000e+03; 7.053000e+03; 6.985000e+03; 7.764000e+03; 9.471000e+03; 9.528000e+03; 8.630000e+03; 8.344000e+03; 8.382000e+03; 9.587000e+03; 9.648000e+03; 9.711000e+03; 9.776000e+03; 9.844000e+03; 9.913000e+03; 9.984000e+03; 1.005700e+04; 1.013200e+04; 1.020900e+04; 1.028800e+04; 1.036800e+04; 1.045100e+04; 9.050000e+03; 8.845000e+03; 8.424000e+03; 8.606000e+03; 5.925000e+03; 5.557000e+03; 5.472000e+03; 5.147000e+03; 5.733000e+03; 6.227000e+03; 7.418000e+03; 1.053400e+04; 1.062000e+04; 1.070700e+04; 1.079500e+04; 1.088600e+04; 1.097700e+04; 1.107000e+04; 1.116500e+04; 1.126000e+04; 8.217000e+03; 7.447000e+03; 6.972000e+03; 6.850000e+03; 7.595000e+03; 7.588000e+03; 7.585000e+03; 7.585000e+03; 7.588000e+03; 7.594000e+03; 7.603000e+03; 7.616000e+03; 7.632000e+03; 7.651000e+03; 1.048500e+04; 1.059400e+04; 1.070300e+04; 1.081400e+04; 1.092500e+04; 1.103800e+04; 1.115200e+04; 1.126700e+04; 1.138300e+04; 1.150000e+04; 
6.563000e+03; 6.862000e+03; 7.284000e+03; 7.585000e+03; 8.152000e+03; 7.429000e+03; 6.339000e+03; 6.312000e+03; 1.325000e+03; 1.137000e+03; 9.500000e+02; 9.890000e+02; 1.110000e+03; 3.750000e+02; 0.000000e+00; 1.068000e+03; 1.000000e+03; 2.302000e+03; 2.501000e+03; 2.901000e+03; 3.101000e+03; 4.308000e+03; 4.300000e+03; 4.900000e+03; 4.907000e+03; 5.252000e+03; 6.303000e+03; 6.282000e+03; 6.275000e+03; 7.375000e+03; 7.381000e+03; 7.399000e+03; 7.399000e+03; 7.381000e+03; 6.282000e+03; 6.294000e+03; 4.922000e+03; 4.905000e+03; 4.305000e+03; 4.326000e+03; 3.134000e+03; 2.989000e+03; 2.795000e+03; 2.603000e+03; 2.411000e+03; 1.076000e+03; 8.320000e+02; 6.380000e+02; 5.500000e+02; 6.140000e+02; 7.950000e+02; 1.891000e+03; 1.982000e+03; 2.697000e+03; 5.282000e+03; 5.439000e+03; 5.525000e+03; 6.223000e+03; 6.761000e+03; 6.937000e+03; 6.888000e+03; 7.659000e+03; 9.344000e+03; 9.395000e+03; 8.486000e+03; 8.204000e+03; 8.192000e+03; 9.449000e+03; 9.505000e+03; 9.563000e+03; 9.623000e+03; 9.685000e+03; 9.750000e+03; 9.816000e+03; 9.885000e+03; 9.955000e+03; 1.002800e+04; 1.010200e+04; 1.017800e+04; 1.025600e+04; 8.841000e+03; 8.626000e+03; 8.223000e+03; 8.381000e+03; 5.604000e+03; 5.221000e+03; 5.132000e+03; 4.784000e+03; 5.364000e+03; 5.884000e+03; 7.091000e+03; 1.033600e+04; 1.041700e+04; 1.050000e+04; 1.058500e+04; 1.067200e+04; 1.075900e+04; 1.084900e+04; 1.094000e+04; 1.103200e+04; 7.885000e+03; 7.091000e+03; 6.605000e+03; 6.475000e+03; 7.221000e+03; 7.214000e+03; 7.210000e+03; 7.210000e+03; 7.213000e+03; 7.220000e+03; 7.229000e+03; 7.243000e+03; 7.259000e+03; 7.279000e+03; 1.021700e+04; 1.032800e+04; 1.044100e+04; 1.055400e+04; 1.066800e+04; 1.078400e+04; 1.090000e+04; 1.101800e+04; 1.113600e+04; 1.125600e+04; 
5.497000e+03; 5.798000e+03; 6.221000e+03; 6.524000e+03; 7.121000e+03; 6.396000e+03; 5.301000e+03; 5.247000e+03; 5.790000e+02; 6.860000e+02; 1.131000e+03; 1.398000e+03; 1.676000e+03; 1.000000e+03; 1.068000e+03; 0.000000e+00; 3.750000e+02; 1.384000e+03; 1.573000e+03; 1.958000e+03; 2.153000e+03; 3.301000e+03; 3.318000e+03; 3.915000e+03; 3.901000e+03; 4.285000e+03; 5.279000e+03; 5.275000e+03; 5.288000e+03; 6.386000e+03; 6.375000e+03; 6.378000e+03; 6.449000e+03; 6.410000e+03; 5.318000e+03; 5.347000e+03; 3.991000e+03; 3.945000e+03; 3.354000e+03; 3.407000e+03; 2.326000e+03; 2.195000e+03; 2.024000e+03; 1.860000e+03; 1.702000e+03; 9.280000e+02; 9.980000e+02; 1.145000e+03; 1.343000e+03; 1.575000e+03; 1.826000e+03; 1.735000e+03; 1.878000e+03; 2.170000e+03; 4.457000e+03; 4.662000e+03; 4.802000e+03; 5.456000e+03; 5.872000e+03; 6.119000e+03; 6.032000e+03; 6.817000e+03; 8.544000e+03; 8.607000e+03; 7.725000e+03; 7.435000e+03; 7.547000e+03; 8.672000e+03; 8.740000e+03; 8.809000e+03; 8.881000e+03; 8.955000e+03; 9.031000e+03; 9.110000e+03; 9.190000e+03; 9.272000e+03; 9.356000e+03; 9.442000e+03; 9.529000e+03; 9.618000e+03; 8.249000e+03; 8.064000e+03; 7.610000e+03; 7.840000e+03; 5.492000e+03; 5.209000e+03; 5.147000e+03; 5.005000e+03; 5.650000e+03; 5.905000e+03; 6.991000e+03; 9.709000e+03; 9.802000e+03; 9.896000e+03; 9.992000e+03; 1.008900e+04; 1.018800e+04; 1.028800e+04; 1.039000e+04; 1.049300e+04; 7.815000e+03; 7.209000e+03; 6.838000e+03; 6.915000e+03; 7.713000e+03; 7.686000e+03; 7.662000e+03; 7.642000e+03; 7.624000e+03; 7.610000e+03; 7.599000e+03; 7.591000e+03; 7.586000e+03; 7.585000e+03; 9.821000e+03; 9.921000e+03; 1.002300e+04; 1.012500e+04; 1.022900e+04; 1.033500e+04; 1.044100e+04; 1.054900e+04; 1.065800e+04; 1.076800e+04; 
5.613000e+03; 5.907000e+03; 6.324000e+03; 6.622000e+03; 7.160000e+03; 6.438000e+03; 5.351000e+03; 5.361000e+03; 9.520000e+02; 1.021000e+03; 1.361000e+03; 1.590000e+03; 1.839000e+03; 1.068000e+03; 1.000000e+03; 3.750000e+02; 0.000000e+00; 1.303000e+03; 1.503000e+03; 1.902000e+03; 2.102000e+03; 3.311000e+03; 3.300000e+03; 3.900000e+03; 3.909000e+03; 4.253000e+03; 5.309000e+03; 5.283000e+03; 5.275000e+03; 6.375000e+03; 6.382000e+03; 6.403000e+03; 6.403000e+03; 6.382000e+03; 5.283000e+03; 5.298000e+03; 3.928000e+03; 3.906000e+03; 3.307000e+03; 3.334000e+03; 2.174000e+03; 2.033000e+03; 1.848000e+03; 1.666000e+03; 1.488000e+03; 5.550000e+02; 6.650000e+02; 8.700000e+02; 1.119000e+03; 1.388000e+03; 1.668000e+03; 1.370000e+03; 1.510000e+03; 1.891000e+03; 4.324000e+03; 4.503000e+03; 4.617000e+03; 5.295000e+03; 5.781000e+03; 5.985000e+03; 5.920000e+03; 6.697000e+03; 8.403000e+03; 8.460000e+03; 7.564000e+03; 7.277000e+03; 7.336000e+03; 8.520000e+03; 8.581000e+03; 8.646000e+03; 8.712000e+03; 8.781000e+03; 8.852000e+03; 8.925000e+03; 9.000000e+03; 9.078000e+03; 9.157000e+03; 9.238000e+03; 9.322000e+03; 9.407000e+03; 8.020000e+03; 7.824000e+03; 7.387000e+03; 7.592000e+03; 5.144000e+03; 4.849000e+03; 4.784000e+03; 4.630000e+03; 5.275000e+03; 5.543000e+03; 6.644000e+03; 9.494000e+03; 9.582000e+03; 9.673000e+03; 9.765000e+03; 9.858000e+03; 9.953000e+03; 1.005000e+04; 1.014800e+04; 1.024800e+04; 7.465000e+03; 6.840000e+03; 6.463000e+03; 6.544000e+03; 7.344000e+03; 7.316000e+03; 7.291000e+03; 7.269000e+03; 7.251000e+03; 7.236000e+03; 7.224000e+03; 7.216000e+03; 7.211000e+03; 7.210000e+03; 9.535000e+03; 9.638000e+03; 9.742000e+03; 9.847000e+03; 9.954000e+03; 1.006300e+04; 1.017200e+04; 1.028300e+04; 1.039400e+04; 1.050700e+04; 
4.456000e+03; 4.736000e+03; 5.137000e+03; 5.426000e+03; 5.889000e+03; 5.172000e+03; 4.098000e+03; 4.203000e+03; 1.730000e+03; 1.976000e+03; 2.505000e+03; 2.780000e+03; 3.060000e+03; 2.348000e+03; 2.302000e+03; 1.384000e+03; 1.303000e+03; 0.000000e+00; 2.000000e+02; 6.000000e+02; 8.000000e+02; 2.034000e+03; 2.003000e+03; 2.603000e+03; 2.626000e+03; 2.950000e+03; 4.036000e+03; 3.995000e+03; 3.976000e+03; 5.075000e+03; 5.090000e+03; 5.123000e+03; 5.099000e+03; 5.078000e+03; 3.980000e+03; 3.995000e+03; 2.626000e+03; 2.603000e+03; 2.003000e+03; 2.034000e+03; 9.760000e+02; 8.660000e+02; 7.420000e+02; 6.560000e+02; 6.250000e+02; 1.446000e+03; 1.734000e+03; 2.025000e+03; 2.319000e+03; 2.614000e+03; 2.910000e+03; 1.550000e+03; 1.685000e+03; 1.226000e+03; 3.076000e+03; 3.293000e+03; 3.455000e+03; 4.086000e+03; 4.493000e+03; 4.736000e+03; 4.648000e+03; 5.433000e+03; 7.163000e+03; 7.227000e+03; 6.352000e+03; 6.060000e+03; 6.223000e+03; 7.295000e+03; 7.365000e+03; 7.437000e+03; 7.512000e+03; 7.590000e+03; 7.670000e+03; 7.752000e+03; 7.837000e+03; 7.924000e+03; 8.013000e+03; 8.103000e+03; 8.196000e+03; 8.291000e+03; 6.953000e+03; 6.788000e+03; 6.305000e+03; 6.579000e+03; 4.698000e+03; 4.550000e+03; 4.525000e+03; 4.650000e+03; 5.341000e+03; 5.252000e+03; 6.158000e+03; 8.388000e+03; 8.486000e+03; 8.586000e+03; 8.688000e+03; 8.791000e+03; 8.896000e+03; 9.002000e+03; 9.110000e+03; 9.219000e+03; 6.996000e+03; 6.625000e+03; 6.410000e+03; 6.760000e+03; 7.605000e+03; 7.551000e+03; 7.500000e+03; 7.452000e+03; 7.406000e+03; 7.364000e+03; 7.325000e+03; 7.289000e+03; 7.256000e+03; 7.227000e+03; 8.657000e+03; 8.747000e+03; 8.839000e+03; 8.933000e+03; 9.028000e+03; 9.125000e+03; 9.223000e+03; 9.324000e+03; 9.425000e+03; 9.528000e+03; 
4.278000e+03; 4.556000e+03; 4.953000e+03; 5.240000e+03; 5.693000e+03; 4.976000e+03; 3.905000e+03; 4.026000e+03; 1.892000e+03; 2.148000e+03; 2.688000e+03; 2.967000e+03; 3.249000e+03; 2.544000e+03; 2.501000e+03; 1.573000e+03; 1.503000e+03; 2.000000e+02; 0.000000e+00; 4.000000e+02; 6.000000e+02; 1.838000e+03; 1.804000e+03; 2.403000e+03; 2.429000e+03; 2.751000e+03; 3.839000e+03; 3.796000e+03; 3.776000e+03; 4.876000e+03; 4.891000e+03; 4.925000e+03; 4.900000e+03; 4.879000e+03; 3.780000e+03; 3.796000e+03; 2.429000e+03; 2.403000e+03; 1.804000e+03; 1.838000e+03; 8.320000e+02; 7.420000e+02; 6.560000e+02; 6.250000e+02; 6.560000e+02; 1.638000e+03; 1.928000e+03; 2.221000e+03; 2.515000e+03; 2.811000e+03; 3.107000e+03; 1.680000e+03; 1.808000e+03; 1.234000e+03; 2.895000e+03; 3.121000e+03; 3.295000e+03; 3.914000e+03; 4.299000e+03; 4.553000e+03; 4.459000e+03; 5.246000e+03; 6.980000e+03; 7.047000e+03; 6.177000e+03; 5.883000e+03; 6.068000e+03; 7.116000e+03; 7.187000e+03; 7.262000e+03; 7.339000e+03; 7.418000e+03; 7.500000e+03; 7.584000e+03; 7.671000e+03; 7.759000e+03; 7.850000e+03; 7.943000e+03; 8.037000e+03; 8.134000e+03; 6.807000e+03; 6.648000e+03; 6.156000e+03; 6.444000e+03; 4.674000e+03; 4.551000e+03; 4.533000e+03; 4.701000e+03; 5.395000e+03; 5.250000e+03; 6.120000e+03; 8.232000e+03; 8.333000e+03; 8.434000e+03; 8.538000e+03; 8.643000e+03; 8.750000e+03; 8.858000e+03; 8.967000e+03; 9.078000e+03; 6.958000e+03; 6.629000e+03; 6.440000e+03; 6.829000e+03; 7.678000e+03; 7.621000e+03; 7.566000e+03; 7.514000e+03; 7.465000e+03; 7.419000e+03; 7.376000e+03; 7.336000e+03; 7.299000e+03; 7.265000e+03; 8.545000e+03; 8.632000e+03; 8.722000e+03; 8.813000e+03; 8.906000e+03; 9.001000e+03; 9.097000e+03; 9.195000e+03; 9.295000e+03; 9.396000e+03; 
3.929000e+03; 4.200000e+03; 4.590000e+03; 4.873000e+03; 5.300000e+03; 4.585000e+03; 3.520000e+03; 3.678000e+03; 2.236000e+03; 2.505000e+03; 3.060000e+03; 3.344000e+03; 3.630000e+03; 2.938000e+03; 2.901000e+03; 1.958000e+03; 1.902000e+03; 6.000000e+02; 4.000000e+02; 0.000000e+00; 2.000000e+02; 1.449000e+03; 1.405000e+03; 2.003000e+03; 2.034000e+03; 2.351000e+03; 3.446000e+03; 3.398000e+03; 3.376000e+03; 4.476000e+03; 4.492000e+03; 4.529000e+03; 4.502000e+03; 4.479000e+03; 3.380000e+03; 3.398000e+03; 2.034000e+03; 2.003000e+03; 1.405000e+03; 1.449000e+03; 6.420000e+02; 6.250000e+02; 6.560000e+02; 7.420000e+02; 8.660000e+02; 2.025000e+03; 2.319000e+03; 2.614000e+03; 2.910000e+03; 3.206000e+03; 3.504000e+03; 1.975000e+03; 2.090000e+03; 1.342000e+03; 2.542000e+03; 2.790000e+03; 2.990000e+03; 3.578000e+03; 3.915000e+03; 4.192000e+03; 4.085000e+03; 4.875000e+03; 6.619000e+03; 6.688000e+03; 5.830000e+03; 5.535000e+03; 5.768000e+03; 6.761000e+03; 6.837000e+03; 6.915000e+03; 6.996000e+03; 7.079000e+03; 7.165000e+03; 7.253000e+03; 7.343000e+03; 7.436000e+03; 7.530000e+03; 7.627000e+03; 7.725000e+03; 7.826000e+03; 6.524000e+03; 6.378000e+03; 5.869000e+03; 6.184000e+03; 4.650000e+03; 4.580000e+03; 4.575000e+03; 4.825000e+03; 5.521000e+03; 5.269000e+03; 6.062000e+03; 7.928000e+03; 8.032000e+03; 8.138000e+03; 8.245000e+03; 8.353000e+03; 8.464000e+03; 8.575000e+03; 8.688000e+03; 8.803000e+03; 6.899000e+03; 6.656000e+03; 6.519000e+03; 6.983000e+03; 7.838000e+03; 7.774000e+03; 7.712000e+03; 7.653000e+03; 7.596000e+03; 7.543000e+03; 7.492000e+03; 7.444000e+03; 7.400000e+03; 7.358000e+03; 8.329000e+03; 8.412000e+03; 8.496000e+03; 8.583000e+03; 8.671000e+03; 8.761000e+03; 8.853000e+03; 8.947000e+03; 9.043000e+03; 9.140000e+03; 
3.758000e+03; 4.025000e+03; 4.411000e+03; 4.691000e+03; 5.103000e+03; 4.390000e+03; 3.328000e+03; 3.508000e+03; 2.415000e+03; 2.688000e+03; 3.249000e+03; 3.534000e+03; 3.822000e+03; 3.136000e+03; 3.101000e+03; 2.153000e+03; 2.102000e+03; 8.000000e+02; 6.000000e+02; 2.000000e+02; 0.000000e+00; 1.257000e+03; 1.206000e+03; 1.804000e+03; 1.838000e+03; 2.151000e+03; 3.251000e+03; 3.200000e+03; 3.176000e+03; 4.276000e+03; 4.293000e+03; 4.331000e+03; 4.304000e+03; 4.279000e+03; 3.181000e+03; 3.200000e+03; 1.838000e+03; 1.804000e+03; 1.206000e+03; 1.257000e+03; 6.260000e+02; 6.560000e+02; 7.420000e+02; 8.660000e+02; 1.015000e+03; 2.221000e+03; 2.515000e+03; 2.811000e+03; 3.107000e+03; 3.404000e+03; 3.702000e+03; 2.136000e+03; 2.245000e+03; 1.436000e+03; 2.371000e+03; 2.631000e+03; 2.846000e+03; 3.415000e+03; 3.723000e+03; 4.014000e+03; 3.900000e+03; 4.691000e+03; 6.439000e+03; 6.511000e+03; 5.660000e+03; 5.363000e+03; 5.622000e+03; 6.586000e+03; 6.663000e+03; 6.743000e+03; 6.826000e+03; 6.912000e+03; 6.999000e+03; 7.090000e+03; 7.182000e+03; 7.276000e+03; 7.373000e+03; 7.472000e+03; 7.572000e+03; 7.675000e+03; 6.387000e+03; 6.248000e+03; 5.730000e+03; 6.060000e+03; 4.651000e+03; 4.607000e+03; 4.608000e+03; 4.898000e+03; 5.594000e+03; 5.290000e+03; 6.043000e+03; 7.779000e+03; 7.885000e+03; 7.992000e+03; 8.102000e+03; 8.212000e+03; 8.324000e+03; 8.438000e+03; 8.553000e+03; 8.669000e+03; 6.878000e+03; 6.679000e+03; 6.567000e+03; 7.067000e+03; 7.924000e+03; 7.857000e+03; 7.792000e+03; 7.729000e+03; 7.669000e+03; 7.612000e+03; 7.558000e+03; 7.506000e+03; 7.458000e+03; 7.412000e+03; 8.227000e+03; 8.307000e+03; 8.388000e+03; 8.472000e+03; 8.558000e+03; 8.646000e+03; 8.736000e+03; 8.827000e+03; 8.920000e+03; 9.015000e+03; 
2.562000e+03; 2.811000e+03; 3.178000e+03; 3.450000e+03; 3.855000e+03; 3.137000e+03; 2.071000e+03; 2.321000e+03; 3.441000e+03; 3.736000e+03; 4.327000e+03; 4.624000e+03; 4.921000e+03; 4.301000e+03; 4.308000e+03; 3.301000e+03; 3.311000e+03; 2.034000e+03; 1.838000e+03; 1.449000e+03; 1.257000e+03; 0.000000e+00; 2.500000e+02; 6.500000e+02; 6.000000e+02; 1.051000e+03; 2.001000e+03; 1.975000e+03; 1.994000e+03; 3.087000e+03; 3.075000e+03; 3.092000e+03; 3.197000e+03; 3.128000e+03; 2.057000e+03; 2.121000e+03; 9.600000e+02; 7.810000e+02; 5.000000e+02; 7.500000e+02; 1.600000e+03; 1.720000e+03; 1.886000e+03; 2.059000e+03; 2.236000e+03; 3.474000e+03; 3.766000e+03; 4.059000e+03; 4.353000e+03; 4.648000e+03; 4.944000e+03; 3.355000e+03; 3.451000e+03; 2.522000e+03; 1.833000e+03; 2.196000e+03; 2.529000e+03; 2.857000e+03; 2.787000e+03; 3.253000e+03; 3.045000e+03; 3.830000e+03; 5.606000e+03; 5.698000e+03; 4.934000e+03; 4.633000e+03; 5.137000e+03; 5.793000e+03; 5.891000e+03; 5.992000e+03; 6.094000e+03; 6.199000e+03; 6.306000e+03; 6.415000e+03; 6.526000e+03; 6.639000e+03; 6.753000e+03; 6.869000e+03; 6.987000e+03; 7.106000e+03; 5.959000e+03; 5.883000e+03; 5.303000e+03; 5.747000e+03; 5.196000e+03; 5.287000e+03; 5.321000e+03; 5.784000e+03; 6.469000e+03; 5.921000e+03; 6.440000e+03; 7.227000e+03; 7.348000e+03; 7.472000e+03; 7.596000e+03; 7.721000e+03; 7.848000e+03; 7.976000e+03; 8.104000e+03; 8.234000e+03; 7.247000e+03; 7.294000e+03; 7.313000e+03; 7.976000e+03; 8.838000e+03; 8.756000e+03; 8.676000e+03; 8.598000e+03; 8.522000e+03; 8.449000e+03; 8.378000e+03; 8.309000e+03; 8.242000e+03; 8.178000e+03; 8.041000e+03; 8.100000e+03; 8.160000e+03; 8.224000e+03; 8.290000e+03; 8.358000e+03; 8.429000e+03; 8.501000e+03; 8.576000e+03; 8.654000e+03; 
2.728000e+03; 2.962000e+03; 3.313000e+03; 3.575000e+03; 3.905000e+03; 3.197000e+03; 2.160000e+03; 2.492000e+03; 3.499000e+03; 3.789000e+03; 4.373000e+03; 4.667000e+03; 4.961000e+03; 4.314000e+03; 4.300000e+03; 3.318000e+03; 3.300000e+03; 2.003000e+03; 1.804000e+03; 1.405000e+03; 1.206000e+03; 2.500000e+02; 0.000000e+00; 6.000000e+02; 6.500000e+02; 9.700000e+02; 2.057000e+03; 1.994000e+03; 1.975000e+03; 3.075000e+03; 3.087000e+03; 3.128000e+03; 3.137000e+03; 3.092000e+03; 2.001000e+03; 2.043000e+03; 7.810000e+02; 6.500000e+02; 2.500000e+02; 5.000000e+02; 1.457000e+03; 1.588000e+03; 1.767000e+03; 1.950000e+03; 2.136000e+03; 3.423000e+03; 3.719000e+03; 4.016000e+03; 4.313000e+03; 4.610000e+03; 4.908000e+03; 3.244000e+03; 3.331000e+03; 2.371000e+03; 1.612000e+03; 1.968000e+03; 2.294000e+03; 2.650000e+03; 2.661000e+03; 3.085000e+03; 2.898000e+03; 3.689000e+03; 5.463000e+03; 5.551000e+03; 4.767000e+03; 4.466000e+03; 4.931000e+03; 5.642000e+03; 5.736000e+03; 5.832000e+03; 5.931000e+03; 6.032000e+03; 6.136000e+03; 6.241000e+03; 6.349000e+03; 6.459000e+03; 6.571000e+03; 6.684000e+03; 6.799000e+03; 6.916000e+03; 5.748000e+03; 5.665000e+03; 5.090000e+03; 5.523000e+03; 4.955000e+03; 5.055000e+03; 5.091000e+03; 5.574000e+03; 6.256000e+03; 5.684000e+03; 6.192000e+03; 7.034000e+03; 7.154000e+03; 7.275000e+03; 7.397000e+03; 7.521000e+03; 7.646000e+03; 7.772000e+03; 7.899000e+03; 8.027000e+03; 6.998000e+03; 7.054000e+03; 7.084000e+03; 7.766000e+03; 8.627000e+03; 8.543000e+03; 8.461000e+03; 8.381000e+03; 8.304000e+03; 8.228000e+03; 8.155000e+03; 8.084000e+03; 8.016000e+03; 7.950000e+03; 7.809000e+03; 7.869000e+03; 7.932000e+03; 7.997000e+03; 8.065000e+03; 8.135000e+03; 8.207000e+03; 8.282000e+03; 8.359000e+03; 8.438000e+03; 
