Recursion step 0:
Costs:
0.000000e+00; 4.920000e+02; 4.660000e+02; 3.120000e+02; 1.071000e+03; 7.480000e+02; 6.560000e+02; 1.340000e+02; 1.039000e+03; 7.260000e+02; 2.373000e+03; 4.790000e+02; 4.480000e+02; 4.960000e+02; 6.190000e+02; 1.830000e+02; 3.420000e+02; 3.230000e+02; 6.880000e+02; 6.040000e+02; 5.960000e+02; 1.860000e+02; 
4.920000e+02; 0.000000e+00; 1.260000e+02; 4.160000e+02; 1.555000e+03; 1.237000e+03; 1.132000e+03; 5.360000e+02; 1.466000e+03; 1.139000e+03; 2.849000e+03; 9.560000e+02; 9.330000e+02; 9.870000e+02; 1.103000e+03; 6.020000e+02; 1.910000e+02; 4.520000e+02; 1.117000e+03; 1.034000e+03; 1.023000e+03; 4.140000e+02; 
4.660000e+02; 1.260000e+02; 0.000000e+00; 4.730000e+02; 1.536000e+03; 1.194000e+03; 1.075000e+03; 5.390000e+02; 1.383000e+03; 1.055000e+03; 2.784000e+03; 9.010000e+02; 8.870000e+02; 9.540000e+02; 1.084000e+03; 5.400000e+02; 2.500000e+02; 5.090000e+02; 1.038000e+03; 9.570000e+02; 9.450000e+02; 4.370000e+02; 
3.120000e+02; 4.160000e+02; 4.730000e+02; 0.000000e+00; 1.216000e+03; 9.740000e+02; 9.190000e+02; 2.360000e+02; 1.333000e+03; 1.029000e+03; 2.612000e+03; 7.510000e+02; 7.040000e+02; 7.110000e+02; 7.830000e+02; 4.940000e+02; 2.280000e+02; 3.700000e+01; 9.860000e+02; 9.040000e+02; 8.980000e+02; 1.260000e+02; 
1.071000e+03; 1.555000e+03; 1.536000e+03; 1.216000e+03; 0.000000e+00; 4.300000e+02; 6.070000e+02; 1.024000e+03; 8.500000e+02; 8.710000e+02; 1.504000e+03; 7.130000e+02; 6.910000e+02; 5.930000e+02; 4.530000e+02; 1.033000e+03; 1.381000e+03; 1.193000e+03; 8.180000e+02; 8.320000e+02; 8.440000e+02; 1.156000e+03; 
7.480000e+02; 1.237000e+03; 1.194000e+03; 9.740000e+02; 4.300000e+02; 0.000000e+00; 1.770000e+02; 7.460000e+02; 5.330000e+02; 4.520000e+02; 1.639000e+03; 3.060000e+02; 3.080000e+02; 2.640000e+02; 2.560000e+02; 6.600000e+02; 1.086000e+03; 9.610000e+02; 3.950000e+02; 4.030000e+02; 4.140000e+02; 8.820000e+02; 
6.560000e+02; 1.132000e+03; 1.075000e+03; 9.190000e+02; 6.070000e+02; 1.770000e+02; 0.000000e+00; 6.840000e+02; 4.550000e+02; 2.880000e+02; 1.719000e+03; 1.770000e+02; 2.160000e+02; 2.500000e+02; 3.430000e+02; 5.350000e+02; 9.970000e+02; 9.130000e+02; 2.270000e+02; 2.260000e+02; 2.370000e+02; 8.130000e+02; 
1.340000e+02; 5.360000e+02; 5.390000e+02; 2.360000e+02; 1.024000e+03; 7.460000e+02; 6.840000e+02; 0.000000e+00; 1.099000e+03; 8.010000e+02; 2.384000e+03; 5.150000e+02; 4.690000e+02; 4.840000e+02; 5.760000e+02; 2.970000e+02; 3.570000e+02; 2.340000e+02; 7.550000e+02; 6.750000e+02; 6.690000e+02; 1.370000e+02; 
1.039000e+03; 1.466000e+03; 1.383000e+03; 1.333000e+03; 8.500000e+02; 5.330000e+02; 4.550000e+02; 1.099000e+03; 0.000000e+00; 3.280000e+02; 1.440000e+03; 5.910000e+02; 6.500000e+02; 7.050000e+02; 7.760000e+02; 8.780000e+02; 1.367000e+03; 1.333000e+03; 3.540000e+02; 4.380000e+02; 4.470000e+02; 1.216000e+03; 
7.260000e+02; 1.139000e+03; 1.055000e+03; 1.029000e+03; 8.710000e+02; 4.520000e+02; 2.880000e+02; 8.010000e+02; 3.280000e+02; 0.000000e+00; 1.752000e+03; 3.330000e+02; 4.000000e+02; 4.950000e+02; 6.220000e+02; 5.570000e+02; 1.046000e+03; 1.033000e+03; 6.400000e+01; 1.280000e+02; 1.330000e+02; 9.080000e+02; 
2.373000e+03; 2.849000e+03; 2.784000e+03; 2.612000e+03; 1.504000e+03; 1.639000e+03; 1.719000e+03; 2.384000e+03; 1.440000e+03; 1.752000e+03; 0.000000e+00; 1.895000e+03; 1.926000e+03; 1.902000e+03; 1.849000e+03; 2.248000e+03; 2.714000e+03; 2.599000e+03; 1.755000e+03; 1.832000e+03; 1.845000e+03; 2.519000e+03; 
4.790000e+02; 9.560000e+02; 9.010000e+02; 7.510000e+02; 7.130000e+02; 3.060000e+02; 1.770000e+02; 5.150000e+02; 5.910000e+02; 3.330000e+02; 1.895000e+03; 0.000000e+00; 6.800000e+01; 1.790000e+02; 3.360000e+02; 3.620000e+02; 8.210000e+02; 7.480000e+02; 2.730000e+02; 2.140000e+02; 2.170000e+02; 6.410000e+02; 
4.480000e+02; 9.330000e+02; 8.870000e+02; 7.040000e+02; 6.910000e+02; 3.080000e+02; 2.160000e+02; 4.690000e+02; 6.500000e+02; 4.000000e+02; 1.926000e+03; 6.800000e+01; 0.000000e+00; 1.220000e+02; 2.870000e+02; 3.530000e+02; 7.890000e+02; 6.980000e+02; 3.400000e+02; 2.810000e+02; 2.830000e+02; 5.980000e+02; 
4.960000e+02; 9.870000e+02; 9.540000e+02; 7.110000e+02; 5.930000e+02; 2.640000e+02; 2.500000e+02; 4.840000e+02; 7.050000e+02; 4.950000e+02; 1.902000e+03; 1.790000e+02; 1.220000e+02; 0.000000e+00; 1.670000e+02; 4.400000e+02; 8.280000e+02; 6.990000e+02; 4.320000e+02; 3.860000e+02; 3.910000e+02; 6.190000e+02; 
6.190000e+02; 1.103000e+03; 1.084000e+03; 7.830000e+02; 4.530000e+02; 2.560000e+02; 3.430000e+02; 5.760000e+02; 7.760000e+02; 6.220000e+02; 1.849000e+03; 3.360000e+02; 2.870000e+02; 1.670000e+02; 0.000000e+00; 5.930000e+02; 9.320000e+02; 7.640000e+02; 5.590000e+02; 5.280000e+02; 5.350000e+02; 7.110000e+02; 
1.830000e+02; 6.020000e+02; 5.400000e+02; 4.940000e+02; 1.033000e+03; 6.600000e+02; 5.350000e+02; 2.970000e+02; 8.780000e+02; 5.570000e+02; 2.248000e+03; 3.620000e+02; 3.530000e+02; 4.400000e+02; 5.930000e+02; 0.000000e+00; 4.900000e+02; 5.060000e+02; 5.250000e+02; 4.410000e+02; 4.310000e+02; 3.680000e+02; 
3.420000e+02; 1.910000e+02; 2.500000e+02; 2.280000e+02; 1.381000e+03; 1.086000e+03; 9.970000e+02; 3.570000e+02; 1.367000e+03; 1.046000e+03; 2.714000e+03; 8.210000e+02; 7.890000e+02; 8.280000e+02; 9.320000e+02; 4.900000e+02; 0.000000e+00; 2.650000e+02; 1.014000e+03; 9.300000e+02; 9.210000e+02; 2.270000e+02; 
3.230000e+02; 4.520000e+02; 5.090000e+02; 3.700000e+01; 1.193000e+03; 9.610000e+02; 9.130000e+02; 2.340000e+02; 1.333000e+03; 1.033000e+03; 2.599000e+03; 7.480000e+02; 6.980000e+02; 6.990000e+02; 7.640000e+02; 5.060000e+02; 2.650000e+02; 0.000000e+00; 9.890000e+02; 9.070000e+02; 9.010000e+02; 1.430000e+02; 
6.880000e+02; 1.117000e+03; 1.038000e+03; 9.860000e+02; 8.180000e+02; 3.950000e+02; 2.270000e+02; 7.550000e+02; 3.540000e+02; 6.400000e+01; 1.755000e+03; 2.730000e+02; 3.400000e+02; 4.320000e+02; 5.590000e+02; 5.250000e+02; 1.014000e+03; 9.890000e+02; 0.000000e+00; 8.500000e+01; 9.400000e+01; 8.670000e+02; 
6.040000e+02; 1.034000e+03; 9.570000e+02; 9.040000e+02; 8.320000e+02; 4.030000e+02; 2.260000e+02; 6.750000e+02; 4.380000e+02; 1.280000e+02; 1.832000e+03; 2.140000e+02; 2.810000e+02; 3.860000e+02; 5.280000e+02; 4.410000e+02; 9.300000e+02; 9.070000e+02; 8.500000e+01; 0.000000e+00; 1.400000e+01; 7.840000e+02; 
5.960000e+02; 1.023000e+03; 9.450000e+02; 8.980000e+02; 8.440000e+02; 4.140000e+02; 2.370000e+02; 6.690000e+02; 4.470000e+02; 1.330000e+02; 1.845000e+03; 2.170000e+02; 2.830000e+02; 3.910000e+02; 5.350000e+02; 4.310000e+02; 9.210000e+02; 9.010000e+02; 9.400000e+01; 1.400000e+01; 0.000000e+00; 7.770000e+02; 
1.860000e+02; 4.140000e+02; 4.370000e+02; 1.260000e+02; 1.156000e+03; 8.820000e+02; 8.130000e+02; 1.370000e+02; 1.216000e+03; 9.080000e+02; 2.519000e+03; 6.410000e+02; 5.980000e+02; 6.190000e+02; 7.110000e+02; 3.680000e+02; 2.270000e+02; 1.430000e+02; 8.670000e+02; 7.840000e+02; 7.770000e+02; 0.000000e+00; 
Recursion step 1:
Costs:
0.000000e+00; 6.020000e+02; 5.060000e+02; 2.373000e+03; 7.480000e+02; 3.680000e+02; 1.039000e+03; 4.790000e+02; 6.190000e+02; 6.040000e+02; 
6.020000e+02; 0.000000e+00; 5.090000e+02; 2.849000e+03; 1.237000e+03; 5.390000e+02; 1.466000e+03; 9.560000e+02; 1.103000e+03; 1.034000e+03; 
5.060000e+02; 5.090000e+02; 0.000000e+00; 2.612000e+03; 9.740000e+02; 2.360000e+02; 1.333000e+03; 7.510000e+02; 7.830000e+02; 9.070000e+02; 
2.373000e+03; 2.849000e+03; 2.612000e+03; 0.000000e+00; 1.719000e+03; 2.519000e+03; 1.755000e+03; 1.926000e+03; 1.902000e+03; 1.845000e+03; 
7.480000e+02; 1.237000e+03; 9.740000e+02; 1.719000e+03; 0.000000e+00; 8.820000e+02; 5.330000e+02; 3.080000e+02; 3.430000e+02; 4.140000e+02; 
3.680000e+02; 5.390000e+02; 2.360000e+02; 2.519000e+03; 8.820000e+02; 0.000000e+00; 1.216000e+03; 6.410000e+02; 7.110000e+02; 7.840000e+02; 
1.039000e+03; 1.466000e+03; 1.333000e+03; 1.755000e+03; 5.330000e+02; 1.216000e+03; 0.000000e+00; 6.500000e+02; 7.760000e+02; 4.470000e+02; 
4.790000e+02; 9.560000e+02; 7.510000e+02; 1.926000e+03; 3.080000e+02; 6.410000e+02; 6.500000e+02; 0.000000e+00; 3.360000e+02; 2.830000e+02; 
6.190000e+02; 1.103000e+03; 7.830000e+02; 1.902000e+03; 3.430000e+02; 7.110000e+02; 7.760000e+02; 3.360000e+02; 0.000000e+00; 5.350000e+02; 
6.040000e+02; 1.034000e+03; 9.070000e+02; 1.845000e+03; 4.140000e+02; 7.840000e+02; 4.470000e+02; 2.830000e+02; 5.350000e+02; 0.000000e+00; 
