Recursion step 0:
Costs:
0.000000e+00; 4.920000e+02; 4.660000e+02; 3.120000e+02; 1.071000e+03; 7.480000e+02; 6.560000e+02; 1.340000e+02; 1.039000e+03; 7.260000e+02; 2.373000e+03; 4.790000e+02; 4.480000e+02; 4.960000e+02; 6.190000e+02; 1.830000e+02; 
4.920000e+02; 0.000000e+00; 1.260000e+02; 4.160000e+02; 1.555000e+03; 1.237000e+03; 1.132000e+03; 5.360000e+02; 1.466000e+03; 1.139000e+03; 2.849000e+03; 9.560000e+02; 9.330000e+02; 9.870000e+02; 1.103000e+03; 6.020000e+02; 
4.660000e+02; 1.260000e+02; 0.000000e+00; 4.730000e+02; 1.536000e+03; 1.194000e+03; 1.075000e+03; 5.390000e+02; 1.383000e+03; 1.055000e+03; 2.784000e+03; 9.010000e+02; 8.870000e+02; 9.540000e+02; 1.084000e+03; 5.400000e+02; 
3.120000e+02; 4.160000e+02; 4.730000e+02; 0.000000e+00; 1.216000e+03; 9.740000e+02; 9.190000e+02; 2.360000e+02; 1.333000e+03; 1.029000e+03; 2.612000e+03; 7.510000e+02; 7.040000e+02; 7.110000e+02; 7.830000e+02; 4.940000e+02; 
1.071000e+03; 1.555000e+03; 1.536000e+03; 1.216000e+03; 0.000000e+00; 4.300000e+02; 6.070000e+02; 1.024000e+03; 8.500000e+02; 8.710000e+02; 1.504000e+03; 7.130000e+02; 6.910000e+02; 5.930000e+02; 4.530000e+02; 1.033000e+03; 
7.480000e+02; 1.237000e+03; 1.194000e+03; 9.740000e+02; 4.300000e+02; 0.000000e+00; 1.770000e+02; 7.460000e+02; 5.330000e+02; 4.520000e+02; 1.639000e+03; 3.060000e+02; 3.080000e+02; 2.640000e+02; 2.560000e+02; 6.600000e+02; 
6.560000e+02; 1.132000e+03; 1.075000e+03; 9.190000e+02; 6.070000e+02; 1.770000e+02; 0.000000e+00; 6.840000e+02; 4.550000e+02; 2.880000e+02; 1.719000e+03; 1.770000e+02; 2.160000e+02; 2.500000e+02; 3.430000e+02; 5.350000e+02; 
1.340000e+02; 5.360000e+02; 5.390000e+02; 2.360000e+02; 1.024000e+03; 7.460000e+02; 6.840000e+02; 0.000000e+00; 1.099000e+03; 8.010000e+02; 2.384000e+03; 5.150000e+02; 4.690000e+02; 4.840000e+02; 5.760000e+02; 2.970000e+02; 
1.039000e+03; 1.466000e+03; 1.383000e+03; 1.333000e+03; 8.500000e+02; 5.330000e+02; 4.550000e+02; 1.099000e+03; 0.000000e+00; 3.280000e+02; 1.440000e+03; 5.910000e+02; 6.500000e+02; 7.050000e+02; 7.760000e+02; 8.780000e+02; 
7.260000e+02; 1.139000e+03; 1.055000e+03; 1.029000e+03; 8.710000e+02; 4.520000e+02; 2.880000e+02; 8.010000e+02; 3.280000e+02; 0.000000e+00; 1.752000e+03; 3.330000e+02; 4.000000e+02; 4.950000e+02; 6.220000e+02; 5.570000e+02; 
2.373000e+03; 2.849000e+03; 2.784000e+03; 2.612000e+03; 1.504000e+03; 1.639000e+03; 1.719000e+03; 2.384000e+03; 1.440000e+03; 1.752000e+03; 0.000000e+00; 1.895000e+03; 1.926000e+03; 1.902000e+03; 1.849000e+03; 2.248000e+03; 
4.790000e+02; 9.560000e+02; 9.010000e+02; 7.510000e+02; 7.130000e+02; 3.060000e+02; 1.770000e+02; 5.150000e+02; 5.910000e+02; 3.330000e+02; 1.895000e+03; 0.000000e+00; 6.800000e+01; 1.790000e+02; 3.360000e+02; 3.620000e+02; 
4.480000e+02; 9.330000e+02; 8.870000e+02; 7.040000e+02; 6.910000e+02; 3.080000e+02; 2.160000e+02; 4.690000e+02; 6.500000e+02; 4.000000e+02; 1.926000e+03; 6.800000e+01; 0.000000e+00; 1.220000e+02; 2.870000e+02; 3.530000e+02; 
4.960000e+02; 9.870000e+02; 9.540000e+02; 7.110000e+02; 5.930000e+02; 2.640000e+02; 2.500000e+02; 4.840000e+02; 7.050000e+02; 4.950000e+02; 1.902000e+03; 1.790000e+02; 1.220000e+02; 0.000000e+00; 1.670000e+02; 4.400000e+02; 
6.190000e+02; 1.103000e+03; 1.084000e+03; 7.830000e+02; 4.530000e+02; 2.560000e+02; 3.430000e+02; 5.760000e+02; 7.760000e+02; 6.220000e+02; 1.849000e+03; 3.360000e+02; 2.870000e+02; 1.670000e+02; 0.000000e+00; 5.930000e+02; 
1.830000e+02; 6.020000e+02; 5.400000e+02; 4.940000e+02; 1.033000e+03; 6.600000e+02; 5.350000e+02; 2.970000e+02; 8.780000e+02; 5.570000e+02; 2.248000e+03; 3.620000e+02; 3.530000e+02; 4.400000e+02; 5.930000e+02; 0.000000e+00; 
Recursion step 1:
Costs:
0.000000e+00; 6.020000e+02; 4.940000e+02; 2.373000e+03; 7.480000e+02; 1.039000e+03; 4.790000e+02; 6.190000e+02; 
6.020000e+02; 0.000000e+00; 5.390000e+02; 2.849000e+03; 1.237000e+03; 1.466000e+03; 9.560000e+02; 1.103000e+03; 
4.940000e+02; 5.390000e+02; 0.000000e+00; 2.612000e+03; 9.740000e+02; 1.333000e+03; 7.510000e+02; 7.830000e+02; 
2.373000e+03; 2.849000e+03; 2.612000e+03; 0.000000e+00; 1.719000e+03; 1.752000e+03; 1.926000e+03; 1.902000e+03; 
7.480000e+02; 1.237000e+03; 9.740000e+02; 1.719000e+03; 0.000000e+00; 5.330000e+02; 3.080000e+02; 3.430000e+02; 
1.039000e+03; 1.466000e+03; 1.333000e+03; 1.752000e+03; 5.330000e+02; 0.000000e+00; 6.500000e+02; 7.760000e+02; 
4.790000e+02; 9.560000e+02; 7.510000e+02; 1.926000e+03; 3.080000e+02; 6.500000e+02; 0.000000e+00; 3.360000e+02; 
6.190000e+02; 1.103000e+03; 7.830000e+02; 1.902000e+03; 3.430000e+02; 7.760000e+02; 3.360000e+02; 0.000000e+00; 
